src/org/ramadda/geodata/point/ocean/examples/sta0861.cnv
* Sea-Bird SBE 9 Data File:
* FileName = C:\Seabird\CTDData\STA0861.dat
* Software Version Seasave Win32 V 5.30a
* Temperature SN = 2369
* Conductivity SN = 1827
* Number of Bytes Per Scan = 21
* Number of Voltage Words = 3
* Number of Scans Averaged by the Deck Unit = 1
* NMEA Latitude = 25 27.43 S
* NMEA Longitude = 044 15.82 E
* NMEA UTC (Time) = none
** Ship: 14 R/V "Dr. Fridtjof Nansen" 
** Station: 0861
** Echodepth: 49
** Log: 1684.87
** Wind-Dir/Force: 13 07
** Air-Temp (dry): 22
** Weather Sky: 1 1
** Sea : 1
# nquan = 12                                
# nvalues = 43                          
# units = specified
# name 0 = scan: Scan Count
# name 1 = prDM: Pressure, Digiquartz [db]
# name 2 = t068C: Temperature [ITS-68, deg C]
# name 3 = c0S/m: Conductivity [S/m]
# name 4 = sbeox0V: Oxygen Voltage, SBE 43
# name 5 = flCUVA: Fluorescence, Chelsea UV Aquatracka [ug/l]
# name 6 = sbeox0ML/L: Oxygen, SBE 43 [ml/l], WS = 2
# name 7 = sal00: Salinity [PSU]
# name 8 = sigma-t00: Density [sigma-t, Kg/m^3 ]
# name 9 = svCM: Sound Velocity [Chen-Millero, m/s]
# name 10 = avgsvCM: Average Sound Velocity [Chen-Millero, m/s], minP = 0, minS = 0, pWS = 20, tWS = 60
# name 11 = flag: flag
# span 0 =        318,       1924       
# span 1 =      2.000,     44.000       
# span 2 =    22.0004,    22.6187       
# span 3 =   5.053939,   5.117247       
# span 4 =     2.6149,     2.8065       
# span 5 =     0.1415,     0.3914       
# span 6 =    4.37993,    4.71835       
# span 7 =    35.4405,    35.4556       
# span 8 =    24.3849,    24.5563       
# span 9 =    1528.01,    1529.05       
# span 10 =       0.00,    1529.01      
# span 11 = 0.0000e+00, 0.0000e+00      
# interval = decibars: 1                
# start_time = Aug 28 2008 13:01:56
# bad_flag = -9.990e-29
*END*
 -9.990e-29      2.000 -9.990e-29 -9.990e-29 -9.990e-29 -9.990e-29 -9.990e-29 -9.990e-29 -9.990e-29 -9.990e-29       0.00 -9.990e-29
        318      3.000    22.6132   5.116466     2.7936     0.1415    4.67702    35.4479    24.3861    1528.98    1528.98 0.0000e+00
        572      4.000    22.6145   5.116671     2.8047     0.1416    4.70025    35.4481    24.3858    1529.01    1528.99 0.0000e+00
        607      5.000    22.6149   5.116806     2.8065     0.1499    4.70439    35.4485    24.3860    1529.02    1529.00 0.0000e+00
        634      6.000    22.6187   5.117247     2.8064     0.1532    4.70454    35.4485    24.3849    1529.05    1529.01 0.0000e+00
        658      7.000    22.6009   5.115448     2.8059     0.1616    4.70559    35.4486    24.3901    1529.02    1529.01 0.0000e+00
        682      8.000    22.4469   5.099454     2.8060     0.1546    4.71835    35.4487    24.4340    1528.64    1528.96 0.0000e+00
        706      9.000    22.4094   5.095594     2.8039     0.1633    4.71745    35.4487    24.4447    1528.56    1528.92 0.0000e+00
        731     10.000    22.4051   5.095426     2.7989     0.1891    4.70816    35.4506    24.4473    1528.57    1528.88 0.0000e+00
        757     11.000    22.4016   5.095461     2.7965     0.2187    4.70411    35.4533    24.4504    1528.58    1528.85 0.0000e+00
        781     12.000    22.3896   5.094433     2.7973     0.2199    4.70726    35.4547    24.4549    1528.57    1528.83 0.0000e+00
        804     13.000    22.3485   5.090303     2.7972     0.2117    4.71079    35.4556    24.4672    1528.48    1528.80 0.0000e+00
        827     14.000    22.2317   5.077971     2.7957     0.2032    4.71738    35.4539    24.4990    1528.19    1528.76 0.0000e+00
        850     15.000    22.2168   5.076435     2.7922     0.2271    4.71197    35.4536    24.5030    1528.17    1528.72 0.0000e+00
        874     16.000    22.1727   5.071981     2.7792     0.3215    4.68926    35.4543    24.5160    1528.07    1528.68 0.0000e+00
        899     17.000    22.1433   5.068916     2.7683     0.3402    4.66978    35.4539    24.5240    1528.01    1528.64 0.0000e+00
        923     18.000    22.1372   5.068328     2.7590     0.3428    4.65154    35.4539    24.5257    1528.01    1528.60 0.0000e+00
        945     19.000    22.1332   5.067888     2.7471     0.3473    4.62808    35.4534    24.5264    1528.01    1528.57 0.0000e+00
        967     20.000    22.1320   5.067640     2.7370     0.3603    4.60793    35.4521    24.5258    1528.03    1528.55 0.0000e+00
        990     21.000    22.1276   5.067148     2.7314     0.3842    4.59731    35.4515    24.5265    1528.03    1528.52 0.0000e+00
       1014     22.000    22.1276   5.067159     2.7266     0.3914    4.58818    35.4512    24.5263    1528.05    1528.50 0.0000e+00
       1039     23.000    22.1212   5.066440     2.7184     0.3490    4.57230    35.4505    24.5276    1528.05    1528.48 0.0000e+00
       1065     24.000    22.1189   5.066174     2.7141     0.3252    4.56426    35.4499    24.5278    1528.06    1528.46 0.0000e+00
       1088     25.000    22.1182   5.066128     2.7112     0.3299    4.55887    35.4498    24.5279    1528.07    1528.45 0.0000e+00
       1110     26.000    22.1176   5.066112     2.7056     0.3514    4.54797    35.4498    24.5281    1528.09    1528.43 0.0000e+00
       1134     27.000    22.1169   5.066064     2.7017     0.3341    4.54066    35.4496    24.5281    1528.10    1528.42 0.0000e+00
       1160     28.000    22.1177   5.066232     2.6988     0.3396    4.53527    35.4500    24.5282    1528.12    1528.41 0.0000e+00
       1187     29.000    22.1167   5.066154     2.6982     0.3409    4.53467    35.4498    24.5283    1528.14    1528.40 0.0000e+00
       1212     30.000    22.1137   5.065767     2.6944     0.3286    4.52763    35.4489    24.5285    1528.14    1528.39 0.0000e+00
       1234     31.000    22.1157   5.066016     2.6902     0.3104    4.51944    35.4489    24.5279    1528.16    1528.38 0.0000e+00
       1255     32.000    22.1201   5.066651     2.6904     0.3034    4.52020    35.4499    24.5275    1528.19    1528.38 0.0000e+00
       1277     33.000    22.1150   5.066000     2.6908     0.3168    4.52180    35.4486    24.5279    1528.20    1528.37 0.0000e+00
       1300     34.000    22.1111   5.065570     2.6920     0.3213    4.52542    35.4481    24.5286    1528.20    1528.37 0.0000e+00
       1328     35.000    22.1106   5.065642     2.6942     0.3258    4.53055    35.4487    24.5292    1528.22    1528.36 0.0000e+00
       1357     36.000    22.1056   5.065103     2.6904     0.3382    4.52373    35.4482    24.5303    1528.22    1528.36 0.0000e+00
       1381     37.000    22.0989   5.064383     2.6880     0.3321    4.51987    35.4477    24.5317    1528.22    1528.36 0.0000e+00
       1402     38.000    22.0588   5.059852     2.6844     0.3307    4.51611    35.4445    24.5406    1528.13    1528.35 0.0000e+00
       1423     39.000    22.0314   5.056654     2.6797     0.3077    4.50912    35.4414    24.5459    1528.07    1528.34 0.0000e+00
       1447     40.000    22.0284   5.056294     2.6741     0.2885    4.49831    35.4407    24.5462    1528.08    1528.34 0.0000e+00
       1473     41.000    22.0243   5.055923     2.6592     0.2663    4.46835    35.4407    24.5474    1528.08    1528.33 0.0000e+00
       1503     42.000    22.0231   5.055815     2.6456     0.2378    4.44080    35.4405    24.5476    1528.10    1528.32 0.0000e+00
       1535     43.000    22.0191   5.055523     2.6373     0.2281    4.42457    35.4412    24.5492    1528.10    1528.32 0.0000e+00
       1924     44.000    22.0004   5.053939     2.6149     0.1935    4.37993    35.4436    24.5563    1528.08    1528.31 0.0000e+00
