src/org/ramadda/geodata/point/ocean/examples/sta0865.cnv
* Sea-Bird SBE 9 Data File:
* FileName = C:\Seabird\CTDData\STA0865.dat
* Software Version Seasave Win32 V 5.30a
* Temperature SN = 2369
* Conductivity SN = 1827
* Number of Bytes Per Scan = 21
* Number of Voltage Words = 3
* Number of Scans Averaged by the Deck Unit = 1
* NMEA Latitude = 25 55.56 S
* NMEA Longitude = 044 29.10 E
* NMEA UTC (Time) = none
** Ship: 14 R/V "Dr. Fridtjof Nansen" 
** Station: 0865
** Echodepth: 1158
** Log: 2238.32
** Wind-Dir/Force: 35 07
** Air-Temp (dry): 23
** Weather Sky: 1 1
** Sea : 2
# nquan = 12                                
# nvalues = 1179                        
# units = specified
# name 0 = scan: Scan Count
# name 1 = prDM: Pressure, Digiquartz [db]
# name 2 = t068C: Temperature [ITS-68, deg C]
# name 3 = c0S/m: Conductivity [S/m]
# name 4 = sbeox0V: Oxygen Voltage, SBE 43
# name 5 = flCUVA: Fluorescence, Chelsea UV Aquatracka [ug/l]
# name 6 = sbeox0ML/L: Oxygen, SBE 43 [ml/l], WS = 2
# name 7 = sal00: Salinity [PSU]
# name 8 = sigma-t00: Density [sigma-t, Kg/m^3 ]
# name 9 = svCM: Sound Velocity [Chen-Millero, m/s]
# name 10 = avgsvCM: Average Sound Velocity [Chen-Millero, m/s], minP = 0, minS = 0, pWS = 20, tWS = 60
# name 11 = flag: flag
# span 0 =       1816,      35605       
# span 1 =      4.000,   1182.000       
# span 2 =     4.9494,    22.8567       
# span 3 =   3.369758,   5.139570       
# span 4 =     1.3456,     2.7156       
# span 5 =     0.0326,     0.3256       
# span 6 =    2.84729,    4.87066       
# span 7 =    34.5666,    35.8154       
# span 8 =    24.2935,    27.4672       
# span 9 =    1487.67,    1530.07       
# span 10 =    1501.21,    1529.70      
# span 11 = 0.0000e+00, 0.0000e+00      
# interval = decibars: 1                
# start_time = Aug 31 2008 07:23:08
# bad_flag = -9.990e-29
*END*
[from data line 121]
       5797    125.000    20.3910   4.891976     2.2087     0.0728    3.67365    35.4510    25.0031    1525.13    1528.68 0.0000e+00
       5827    126.000    20.2805   4.881126     2.2024     0.0722    3.66744    35.4549    25.0356    1524.84    1528.65 0.0000e+00
       5866    127.000    20.0997   4.864154     2.1935     0.0683    3.65972    35.4678    25.0935    1524.38    1528.61 0.0000e+00
       5894    128.000    19.9302   4.847807     2.1855     0.0689    3.65319    35.4762    25.1447    1523.93    1528.58 0.0000e+00
       5914    129.000    19.8638   4.841356     2.1786     0.0672    3.64266    35.4788    25.1642    1523.77    1528.54 0.0000e+00
       5932    130.000    19.8370   4.838548     2.1718     0.0671    3.63003    35.4780    25.1707    1523.71    1528.50 0.0000e+00
       5952    131.000    19.8136   4.836029     2.1639     0.0688    3.61487    35.4767    25.1758    1523.66    1528.46 0.0000e+00
       5976    132.000    19.7940   4.833925     2.1606     0.0667    3.60934    35.4756    25.1801    1523.62    1528.43 0.0000e+00
       6008    133.000    19.7430   4.828809     2.1598     0.0625    3.61126    35.4762    25.1939    1523.50    1528.39 0.0000e+00
       6044    134.000    19.7091   4.825313     2.1602     0.0684    3.61473    35.4756    25.2024    1523.42    1528.35 0.0000e+00
       6080    135.000    19.6774   4.822171     2.1619     0.0660    3.62104    35.4762    25.2111    1523.35    1528.32 0.0000e+00
       6113    136.000    19.6566   4.819903     2.1614     0.0644    3.62165    35.4747    25.2154    1523.31    1528.28 0.0000e+00
       6141    137.000    19.6440   4.819306     2.1574     0.0655    3.61405    35.4801    25.2228    1523.29    1528.24 0.0000e+00
       6168    138.000    19.6401   4.819254     2.1557     0.0649    3.61100    35.4826    25.2258    1523.30    1528.21 0.0000e+00
       6195    139.000    19.6236   4.817700     2.1538     0.0653    3.60846    35.4834    25.2307    1523.27    1528.17 0.0000e+00
       6220    140.000    19.6065   4.815943     2.1547     0.0639    3.61192    35.4830    25.2348    1523.24    1528.14 0.0000e+00
       6242    141.000    19.5818   4.813058     2.1576     0.0655    3.62038    35.4797    25.2388    1523.19    1528.10 0.0000e+00
       6266    142.000    19.5743   4.811837     2.1581     0.0649    3.62245    35.4756    25.2376    1523.18    1528.07 0.0000e+00
       6295    143.000    19.5730   4.811803     2.1548     0.0639    3.61578    35.4760    25.2383    1523.19    1528.03 0.0000e+00
       6334    144.000    19.5813   4.813265     2.1464     0.0618    3.59731    35.4807    25.2397    1523.24    1528.00 0.0000e+00
       6364    145.000    19.5790   4.813292     2.1419     0.0597    3.58802    35.4825    25.2417    1523.25    1527.97 0.0000e+00
       6386    146.000    19.5710   4.812469     2.1408     0.0593    3.58655    35.4822    25.2435    1523.24    1527.93 0.0000e+00
       6408    147.000    19.5575   4.811057     2.1428     0.0589    3.59240    35.4816    25.2465    1523.22    1527.90 0.0000e+00
       6442    148.000    19.5202   4.806955     2.1451     0.0593    3.60032    35.4789    25.2542    1523.13    1527.87 0.0000e+00
       6480    149.000    19.5005   4.804924     2.1420     0.0593    3.59514    35.4784    25.2590    1523.09    1527.84 0.0000e+00
       6515    150.000    19.4533   4.800658     2.1350     0.0589    3.58302    35.4828    25.2745    1522.98    1527.80 0.0000e+00
       6544    151.000    19.4152   4.796886     2.1320     0.0580    3.57923    35.4835    25.2850    1522.89    1527.77 0.0000e+00
       6569    152.000    19.3529   4.792093     2.1311     0.0601    3.58133    35.4963    25.3109    1522.74    1527.74 0.0000e+00
       6595    153.000    19.2607   4.783948     2.1285     0.0597    3.58156    35.5067    25.3427    1522.51    1527.70 0.0000e+00
       6624    154.000    19.1275   4.771520     2.1261     0.0616    3.58486    35.5164    25.3844    1522.16    1527.67 0.0000e+00
       6650    155.000    19.0679   4.764867     2.1320     0.0604    3.60228    35.5113    25.3959    1522.01    1527.63 0.0000e+00
       6672    156.000    18.9794   4.756619     2.1416     0.0597    3.62950    35.5177    25.4234    1521.78    1527.59 0.0000e+00
       6695    157.000    18.8977   4.747585     2.1477     0.0569    3.64881    35.5115    25.4395    1521.56    1527.55 0.0000e+00
       6727    158.000    18.8486   4.742607     2.1494     0.0537    3.65599    35.5115    25.4520    1521.43    1527.52 0.0000e+00
       6772    159.000    18.7887   4.736072     2.1451     0.0570    3.65095    35.5076    25.4642    1521.27    1527.48 0.0000e+00
       6804    160.000    18.7146   4.729050     2.1433     0.0561    3.65197    35.5118    25.4862    1521.08    1527.44 0.0000e+00
       6834    161.000    18.5898   4.716771     2.1404     0.0545    3.65401    35.5152    25.5204    1520.75    1527.39 0.0000e+00
       6860    162.000    18.5254   4.710408     2.1381     0.0549    3.65331    35.5165    25.5377    1520.58    1527.35 0.0000e+00
       6886    163.000    18.3671   4.695265     2.1332     0.0548    3.65287    35.5245    25.5835    1520.15    1527.31 0.0000e+00
       6919    164.000    18.2895   4.686741     2.1304     0.0542    3.65213    35.5188    25.5986    1519.93    1527.26 0.0000e+00
       6953    165.000    18.2378   4.681719     2.1306     0.0500    3.65654    35.5205    25.6128    1519.80    1527.22 0.0000e+00
       6981    166.000    18.2262   4.680535     2.1328     0.0508    3.66268    35.5200    25.6154    1519.78    1527.17 0.0000e+00
       7008    167.000    18.1967   4.677924     2.1350     0.0521    3.66994    35.5230    25.6250    1519.72    1527.13 0.0000e+00
       7036    168.000    18.1393   4.672192     2.1380     0.0498    3.68089    35.5235    25.6397    1519.57    1527.08 0.0000e+00
       7065    169.000    18.0838   4.666839     2.1378     0.0507    3.68444    35.5256    25.6550    1519.43    1527.04 0.0000e+00
       7096    170.000    18.0616   4.664727     2.1387     0.0488    3.68848    35.5265    25.6612    1519.38    1526.99 0.0000e+00
       7127    171.000    18.0334   4.662210     2.1403     0.0476    3.69444    35.5291    25.6702    1519.32    1526.95 0.0000e+00
       7156    172.000    18.0158   4.660671     2.1420     0.0482    3.69980    35.5308    25.6759    1519.28    1526.90 0.0000e+00
       7179    173.000    17.9837   4.658299     2.1426     0.0470    3.70350    35.5381    25.6894    1519.22    1526.86 0.0000e+00
       7200    174.000    17.9526   4.655411     2.1431     0.0488    3.70729    35.5400    25.6986    1519.14    1526.81 0.0000e+00
       7243    175.000    17.9524   4.654983     2.1483     0.0498    3.71954    35.5362    25.6956    1519.16    1526.77 0.0000e+00
       7293    176.000    17.9314   4.653068     2.1543     0.0494    3.73508    35.5376    25.7020    1519.11    1526.73 0.0000e+00
       7316    177.000    17.9265   4.652611     2.1547     0.0505    3.73670    35.5376    25.7032    1519.11    1526.68 0.0000e+00
       7336    178.000    17.9164   4.651760     2.1532     0.0509    3.73439    35.5387    25.7065    1519.10    1526.64 0.0000e+00
       7360    179.000    17.8981   4.650080     2.1534     0.0503    3.73651    35.5399    25.7119    1519.07    1526.60 0.0000e+00
       7389    180.000    17.8787   4.648601     2.1553     0.0491    3.74274    35.5437    25.7196    1519.03    1526.55 0.0000e+00
       7413    181.000    17.8766   4.648422     2.1572     0.0463    3.74759    35.5436    25.7201    1519.04    1526.51 0.0000e+00
       7440    182.000    17.8812   4.649739     2.1582     0.0473    3.74981    35.5506    25.7242    1519.08    1526.47 0.0000e+00
       7485    183.000    17.8787   4.649760     2.1641     0.0505    3.76397    35.5525    25.7264    1519.09    1526.43 0.0000e+00
       7519    184.000    17.8599   4.648209     2.1717     0.0473    3.78291    35.5552    25.7331    1519.06    1526.39 0.0000e+00
       7542    185.000    17.7766   4.640400     2.1750     0.0506    3.79635    35.5604    25.7575    1518.83    1526.35 0.0000e+00
       7567    186.000    17.7308   4.634771     2.1758     0.0516    3.80196    35.5516    25.7620    1518.71    1526.31 0.0000e+00
       7596    187.000    17.7219   4.633941     2.1749     0.0474    3.80103    35.5519    25.7644    1518.70    1526.27 0.0000e+00
       7628    188.000    17.7189   4.633791     2.1784     0.0450    3.80954    35.5528    25.7659    1518.71    1526.23 0.0000e+00
       7658    189.000    17.7116   4.633263     2.1799     0.0470    3.81410    35.5543    25.7688    1518.70    1526.19 0.0000e+00
       7685    190.000    17.6843   4.631148     2.1816     0.0474    3.82012    35.5596    25.7795    1518.65    1526.15 0.0000e+00
       7711    191.000    17.6291   4.626310     2.1819     0.0473    3.82494    35.5657    25.7977    1518.51    1526.11 0.0000e+00
       7744    192.000    17.5964   4.623036     2.1838     0.0487    3.83212    35.5657    25.8057    1518.43    1526.07 0.0000e+00
       7788    193.000    17.5727   4.620881     2.1942     0.0447    3.85775    35.5675    25.8128    1518.38    1526.03 0.0000e+00
       7821    194.000    17.5676   4.620499     2.2031     0.0459    3.87895    35.5683    25.8147    1518.38    1525.99 0.0000e+00
       7846    195.000    17.5610   4.620065     2.2085     0.0469    3.89218    35.5699    25.8175    1518.38    1525.95 0.0000e+00
       7867    196.000    17.5525   4.619446     2.2097     0.0465    3.89618    35.5717    25.8209    1518.37    1525.91 0.0000e+00
       7891    197.000    17.5457   4.618862     2.2119     0.0453    3.90219    35.5722    25.8230    1518.37    1525.87 0.0000e+00
       7924    198.000    17.5344   4.617942     2.2164     0.0484    3.91362    35.5738    25.8269    1518.35    1525.83 0.0000e+00
       7953    199.000    17.5246   4.617156     2.2193     0.0479    3.92153    35.5752    25.8304    1518.34    1525.80 0.0000e+00
       7978    200.000    17.5020   4.615421     2.2198     0.0468    3.92464    35.5796    25.8393    1518.30    1525.76 0.0000e+00
       8009    201.000    17.4729   4.612371     2.2225     0.0474    3.93329    35.5784    25.8454    1518.23    1525.72 0.0000e+00
       8073    202.000    17.4095   4.607165     2.2289     0.0477    3.95270    35.5886    25.8686    1518.07    1525.68 0.0000e+00
       8106    203.000    17.2821   4.595039     2.2308     0.0478    3.96664    35.5950    25.9043    1517.71    1525.64 0.0000e+00
       8126    204.000    17.2035   4.587545     2.2293     0.0445    3.96909    35.5986    25.9261    1517.50    1525.60 0.0000e+00
       8146    205.000    17.0931   4.575454     2.2262     0.0466    3.97069    35.5903    25.9461    1517.18    1525.56 0.0000e+00
       8163    206.000    17.0769   4.573267     2.2270     0.0459    3.97431    35.5851    25.9461    1517.14    1525.52 0.0000e+00
       8197    207.000    17.0592   4.571129     2.2303     0.0448    3.98377    35.5817    25.9477    1517.10    1525.48 0.0000e+00
       8236    208.000    17.0323   4.568149     2.2366     0.0459    4.00077    35.5790    25.9521    1517.03    1525.44 0.0000e+00
       8268    209.000    17.0238   4.567202     2.2389     0.0468    4.00722    35.5778    25.9532    1517.02    1525.40 0.0000e+00
       8295    210.000    17.0196   4.566733     2.2393     0.0470    4.00908    35.5771    25.9536    1517.02    1525.36 0.0000e+00
       8318    211.000    17.0211   4.567025     2.2382     0.0487    4.00689    35.5779    25.9539    1517.05    1525.32 0.0000e+00
       8345    212.000    17.0116   4.565920     2.2389     0.0481    4.00989    35.5763    25.9549    1517.03    1525.28 0.0000e+00
       8401    213.000    17.0092   4.565706     2.2432     0.0446    4.02047    35.5761    25.9554    1517.04    1525.24 0.0000e+00
       8435    214.000    16.9899   4.563781     2.2446     0.0451    4.02569    35.5760    25.9598    1517.00    1525.20 0.0000e+00
       8457    215.000    16.9715   4.562055     2.2447     0.0460    4.02786    35.5767    25.9648    1516.96    1525.16 0.0000e+00
       8477    216.000    16.9249   4.557377     2.2450     0.0444    4.03241    35.5766    25.9758    1516.84    1525.12 0.0000e+00
       8500    217.000    16.8940   4.553869     2.2441     0.0429    4.03331    35.5728    25.9803    1516.76    1525.09 0.0000e+00
       8537    218.000    16.8705   4.551375     2.2413     0.0423    4.02911    35.5714    25.9848    1516.70    1525.05 0.0000e+00
       8581    219.000    16.8218   4.546542     2.2437     0.0457    4.03869    35.5717    25.9966    1516.57    1525.01 0.0000e+00
       8608    220.000    16.7939   4.544063     2.2443     0.0479    4.04246    35.5743    26.0052    1516.51    1524.97 0.0000e+00
       8629    221.000    16.7047   4.535350     2.2438     0.0469    4.04838    35.5764    26.0279    1516.26    1524.93 0.0000e+00
       8653    222.000    16.6570   4.529562     2.2431     0.0445    4.05117    35.5674    26.0322    1516.12    1524.89 0.0000e+00
       8699    223.000    16.6394   4.527885     2.2428     0.0428    4.05226    35.5679    26.0367    1516.09    1524.85 0.0000e+00
       8740    224.000    16.6282   4.526457     2.2469     0.0434    4.06316    35.5649    26.0370    1516.06    1524.81 0.0000e+00
       8762    225.000    16.6211   4.525965     2.2464     0.0419    4.06295    35.5664    26.0399    1516.06    1524.77 0.0000e+00
       8782    226.000    16.6102   4.524754     2.2448     0.0412    4.06069    35.5650    26.0414    1516.04    1524.73 0.0000e+00
       8802    227.000    16.6062   4.524270     2.2466     0.0433    4.06584    35.5639    26.0415    1516.05    1524.69 0.0000e+00
       8857    228.000    16.6068   4.524325     2.2506     0.0437    4.07560    35.5635    26.0410    1516.06    1524.66 0.0000e+00
       8896    229.000    16.5871   4.522311     2.2528     0.0436    4.08271    35.5629    26.0452    1516.02    1524.62 0.0000e+00
       8919    230.000    16.5867   4.522296     2.2536     0.0423    4.08521    35.5627    26.0451    1516.04    1524.58 0.0000e+00
       8939    231.000    16.5869   4.522309     2.2520     0.0429    4.08201    35.5622    26.0447    1516.05    1524.54 0.0000e+00
       8957    232.000    16.5858   4.522318     2.2495     0.0414    4.07690    35.5629    26.0455    1516.07    1524.51 0.0000e+00
       8977    233.000    16.5843   4.522078     2.2501     0.0446    4.07885    35.5617    26.0450    1516.08    1524.47 0.0000e+00
       9012    234.000    16.5823   4.521921     2.2522     0.0439    4.08459    35.5617    26.0454    1516.09    1524.43 0.0000e+00
       9055    235.000    16.5774   4.521434     2.2555     0.0418    4.09315    35.5614    26.0463    1516.09    1524.40 0.0000e+00
       9084    236.000    16.5729   4.521013     2.2552     0.0431    4.09340    35.5613    26.0473    1516.09    1524.36 0.0000e+00
       9107    237.000    16.5732   4.521065     2.2547     0.0429    4.09275    35.5611    26.0471    1516.11    1524.33 0.0000e+00
       9128    238.000    16.5721   4.521003     2.2540     0.0434    4.09181    35.5611    26.0474    1516.12    1524.29 0.0000e+00
       9152    239.000    16.5698   4.520796     2.2516     0.0454    4.08675    35.5610    26.0478    1516.13    1524.26 0.0000e+00
       9184    240.000    16.5659   4.520426     2.2523     0.0449    4.08926    35.5608    26.0486    1516.14    1524.23 0.0000e+00
       9212    241.000    16.5570   4.519579     2.2543     0.0472    4.09509    35.5608    26.0507    1516.13    1524.19 0.0000e+00
       9237    242.000    16.5463   4.518598     2.2564     0.0473    4.10153    35.5613    26.0535    1516.11    1524.16 0.0000e+00
       9266    243.000    16.5244   4.516230     2.2561     0.0472    4.10303    35.5595    26.0573    1516.06    1524.12 0.0000e+00
