src/org/ramadda/geodata/point/ocean/examples/sta0865.cnv
* Sea-Bird SBE 9 Data File:
* FileName = C:\Seabird\CTDData\STA0865.dat
* Software Version Seasave Win32 V 5.30a
* Temperature SN = 2369
* Conductivity SN = 1827
* Number of Bytes Per Scan = 21
* Number of Voltage Words = 3
* Number of Scans Averaged by the Deck Unit = 1
* NMEA Latitude = 25 55.56 S
* NMEA Longitude = 044 29.10 E
* NMEA UTC (Time) = none
** Ship: 14 R/V "Dr. Fridtjof Nansen" 
** Station: 0865
** Echodepth: 1158
** Log: 2238.32
** Wind-Dir/Force: 35 07
** Air-Temp (dry): 23
** Weather Sky: 1 1
** Sea : 2
# nquan = 12                                
# nvalues = 1179                        
# units = specified
# name 0 = scan: Scan Count
# name 1 = prDM: Pressure, Digiquartz [db]
# name 2 = t068C: Temperature [ITS-68, deg C]
# name 3 = c0S/m: Conductivity [S/m]
# name 4 = sbeox0V: Oxygen Voltage, SBE 43
# name 5 = flCUVA: Fluorescence, Chelsea UV Aquatracka [ug/l]
# name 6 = sbeox0ML/L: Oxygen, SBE 43 [ml/l], WS = 2
# name 7 = sal00: Salinity [PSU]
# name 8 = sigma-t00: Density [sigma-t, Kg/m^3 ]
# name 9 = svCM: Sound Velocity [Chen-Millero, m/s]
# name 10 = avgsvCM: Average Sound Velocity [Chen-Millero, m/s], minP = 0, minS = 0, pWS = 20, tWS = 60
# name 11 = flag: flag
# span 0 =       1816,      35605       
# span 1 =      4.000,   1182.000       
# span 2 =     4.9494,    22.8567       
# span 3 =   3.369758,   5.139570       
# span 4 =     1.3456,     2.7156       
# span 5 =     0.0326,     0.3256       
# span 6 =    2.84729,    4.87066       
# span 7 =    34.5666,    35.8154       
# span 8 =    24.2935,    27.4672       
# span 9 =    1487.67,    1530.07       
# span 10 =    1501.21,    1529.70      
# span 11 = 0.0000e+00, 0.0000e+00      
# interval = decibars: 1                
# start_time = Aug 31 2008 07:23:08
# bad_flag = -9.990e-29
*END*
[from data line 361]
      12796    365.000    12.8457   4.124635     2.3257     0.0402    4.65584    35.2599    26.6259    1506.01    1519.91 0.0000e+00
      12838    366.000    12.7911   4.118427     2.3297     0.0426    4.67198    35.2509    26.6298    1505.83    1519.87 0.0000e+00
      12870    367.000    12.7826   4.117502     2.3322     0.0420    4.67968    35.2495    26.6305    1505.82    1519.83 0.0000e+00
      12897    368.000    12.7705   4.116320     2.3339     0.0420    4.68576    35.2491    26.6325    1505.80    1519.80 0.0000e+00
      12919    369.000    12.7536   4.114644     2.3354     0.0397    4.69193    35.2483    26.6353    1505.76    1519.76 0.0000e+00
      12941    370.000    12.7134   4.110263     2.3358     0.0390    4.69739    35.2434    26.6395    1505.63    1519.72 0.0000e+00
      12966    371.000    12.6964   4.108068     2.3356     0.0404    4.69936    35.2378    26.6385    1505.58    1519.68 0.0000e+00
      13003    372.000    12.6853   4.106824     2.3351     0.0403    4.69957    35.2358    26.6392    1505.56    1519.64 0.0000e+00
      13042    373.000    12.6778   4.106049     2.3367     0.0392    4.70508    35.2349    26.6400    1505.55    1519.60 0.0000e+00
      13070    374.000    12.6760   4.105887     2.3371     0.0390    4.70704    35.2346    26.6401    1505.56    1519.57 0.0000e+00
      13094    375.000    12.6730   4.105633     2.3380     0.0361    4.71026    35.2345    26.6406    1505.57    1519.53 0.0000e+00
      13116    376.000    12.6666   4.104996     2.3380     0.0370    4.71147    35.2340    26.6415    1505.56    1519.49 0.0000e+00
      13139    377.000    12.6610   4.104391     2.3385     0.0395    4.71394    35.2330    26.6418    1505.56    1519.45 0.0000e+00
      13164    378.000    12.6541   4.103665     2.3382     0.0408    4.71444    35.2320    26.6424    1505.55    1519.42 0.0000e+00
      13197    379.000    12.6422   4.102316     2.3382     0.0384    4.71624    35.2297    26.6430    1505.52    1519.38 0.0000e+00
      13238    380.000    12.6268   4.100690     2.3383     0.0400    4.71868    35.2280    26.6448    1505.49    1519.34 0.0000e+00
      13275    381.000    12.6164   4.099582     2.3394     0.0412    4.72317    35.2267    26.6458    1505.47    1519.31 0.0000e+00
      13305    382.000    12.5942   4.097387     2.3407     0.0368    4.72913    35.2259    26.6495    1505.41    1519.27 0.0000e+00
      13329    383.000    12.5483   4.092634     2.3408     0.0384    4.73440    35.2226    26.6560    1505.27    1519.23 0.0000e+00
      13352    384.000    12.4894   4.086130     2.3411     0.0387    4.74138    35.2146    26.6614    1505.08    1519.20 0.0000e+00
      13377    385.000    12.4620   4.082822     2.3389     0.0364    4.73915    35.2079    26.6616    1504.99    1519.16 0.0000e+00
      13403    386.000    12.4228   4.078474     2.3360     0.0388    4.73619    35.2022    26.6648    1504.87    1519.12 0.0000e+00
      13430    387.000    12.4078   4.076603     2.3358     0.0381    4.73769    35.1977    26.6643    1504.83    1519.08 0.0000e+00
      13461    388.000    12.4066   4.076409     2.3357     0.0392    4.73846    35.1965    26.6636    1504.84    1519.05 0.0000e+00
      13494    389.000    12.4035   4.076127     2.3370     0.0390    4.74266    35.1963    26.6640    1504.85    1519.01 0.0000e+00
      13522    390.000    12.3865   4.074437     2.3383     0.0389    4.74815    35.1954    26.6667    1504.80    1518.97 0.0000e+00
      13548    391.000    12.3639   4.071934     2.3412     0.0413    4.75856    35.1920    26.6684    1504.74    1518.94 0.0000e+00
      13578    392.000    12.3549   4.070789     2.3429     0.0400    4.76459    35.1889    26.6678    1504.72    1518.90 0.0000e+00
      13612    393.000    12.3487   4.070151     2.3424     0.0389    4.76449    35.1881    26.6684    1504.72    1518.86 0.0000e+00
      13643    394.000    12.3439   4.069647     2.3428     0.0387    4.76661    35.1873    26.6687    1504.72    1518.83 0.0000e+00
      13671    395.000    12.3406   4.069314     2.3420     0.0371    4.76545    35.1868    26.6689    1504.72    1518.79 0.0000e+00
      13696    396.000    12.3362   4.068872     2.3418     0.0381    4.76618    35.1862    26.6693    1504.72    1518.76 0.0000e+00
      13720    397.000    12.3339   4.068618     2.3408     0.0403    4.76453    35.1854    26.6692    1504.73    1518.72 0.0000e+00
      13747    398.000    12.3288   4.068110     2.3392     0.0408    4.76149    35.1849    26.6698    1504.73    1518.68 0.0000e+00
      13777    399.000    12.3256   4.067752     2.3395     0.0414    4.76323    35.1840    26.6697    1504.73    1518.65 0.0000e+00
      13805    400.000    12.3188   4.067088     2.3395     0.0392    4.76445    35.1835    26.6707    1504.73    1518.61 0.0000e+00
      13831    401.000    12.3142   4.066629     2.3396     0.0405    4.76576    35.1829    26.6711    1504.73    1518.58 0.0000e+00
      13857    402.000    12.3013   4.065237     2.3393     0.0384    4.76700    35.1811    26.6722    1504.70    1518.54 0.0000e+00
      13892    403.000    12.2991   4.064890     2.3398     0.0375    4.76915    35.1794    26.6713    1504.70    1518.51 0.0000e+00
      13931    404.000    12.2889   4.063905     2.3414     0.0383    4.77486    35.1790    26.6730    1504.69    1518.47 0.0000e+00
      13960    405.000    12.2779   4.062771     2.3402     0.0381    4.77354    35.1779    26.6743    1504.66    1518.44 0.0000e+00
      13984    406.000    12.2312   4.058104     2.3388     0.0364    4.77485    35.1760    26.6819    1504.52    1518.41 0.0000e+00
      14005    407.000    12.1931   4.053893     2.3382     0.0363    4.77783    35.1705    26.6849    1504.40    1518.37 0.0000e+00
      14025    408.000    12.1360   4.047672     2.3364     0.0366    4.77941    35.1632    26.6903    1504.21    1518.34 0.0000e+00
      14047    409.000    12.1200   4.045449     2.3350     0.0372    4.77799    35.1562    26.6880    1504.17    1518.30 0.0000e+00
      14079    410.000    12.1168   4.044842     2.3320     0.0377    4.77135    35.1529    26.6860    1504.17    1518.27 0.0000e+00
      14142    411.000    12.1081   4.044088     2.3331     0.0372    4.77567    35.1533    26.6880    1504.16    1518.23 0.0000e+00
      14169    412.000    12.0997   4.043193     2.3342     0.0390    4.78003    35.1521    26.6887    1504.14    1518.20 0.0000e+00
      14189    413.000    12.0967   4.042883     2.3346     0.0401    4.78193    35.1514    26.6888    1504.15    1518.16 0.0000e+00
      14209    414.000    12.0936   4.042542     2.3347     0.0395    4.78314    35.1506    26.6887    1504.15    1518.13 0.0000e+00
      14233    415.000    12.0905   4.042256     2.3350     0.0403    4.78502    35.1503    26.6891    1504.16    1518.10 0.0000e+00
      14258    416.000    12.0862   4.041814     2.3353     0.0420    4.78685    35.1496    26.6894    1504.16    1518.06 0.0000e+00
      14288    417.000    12.0850   4.041685     2.3353     0.0417    4.78752    35.1491    26.6892    1504.17    1518.03 0.0000e+00
      14329    418.000    12.0799   4.041171     2.3358     0.0372    4.79002    35.1484    26.6897    1504.17    1517.99 0.0000e+00
      14361    419.000    12.0759   4.040800     2.3358     0.0384    4.79101    35.1481    26.6902    1504.17    1517.96 0.0000e+00
      14385    420.000    12.0685   4.040094     2.3358     0.0373    4.79237    35.1478    26.6914    1504.16    1517.93 0.0000e+00
      14407    421.000    12.0660   4.039782     2.3357     0.0397    4.79315    35.1467    26.6910    1504.17    1517.90 0.0000e+00
      14433    422.000    12.0566   4.038813     2.3354     0.0384    4.79376    35.1456    26.6920    1504.15    1517.86 0.0000e+00
      14462    423.000    12.0329   4.036375     2.3358     0.0394    4.79772    35.1437    26.6951    1504.09    1517.83 0.0000e+00
      14488    424.000    12.0081   4.033649     2.3369     0.0392    4.80391    35.1401    26.6969    1504.01    1517.80 0.0000e+00
      14516    425.000    11.9770   4.030223     2.3368     0.0358    4.80732    35.1355    26.6993    1503.92    1517.76 0.0000e+00
      14548    426.000    11.9513   4.027296     2.3363     0.0326    4.80912    35.1307    26.7005    1503.84    1517.73 0.0000e+00
      14579    427.000    11.9440   4.026450     2.3365     0.0350    4.81116    35.1289    26.7005    1503.83    1517.70 0.0000e+00
      14613    428.000    11.9344   4.025456     2.3359     0.0369    4.81115    35.1278    26.7015    1503.81    1517.67 0.0000e+00
      14644    429.000    11.9200   4.023895     2.3358     0.0387    4.81298    35.1256    26.7026    1503.78    1517.63 0.0000e+00
      14670    430.000    11.9047   4.022336     2.3350     0.0394    4.81293    35.1244    26.7045    1503.74    1517.60 0.0000e+00
      14695    431.000    11.8914   4.020783     2.3340     0.0439    4.81231    35.1213    26.7047    1503.71    1517.57 0.0000e+00
      14722    432.000    11.8853   4.020108     2.3330     0.0417    4.81116    35.1200    26.7048    1503.70    1517.54 0.0000e+00
      14751    433.000    11.8752   4.019029     2.3321     0.0391    4.81034    35.1185    26.7056    1503.68    1517.50 0.0000e+00
      14779    434.000    11.8385   4.015258     2.3311     0.0378    4.81200    35.1158    26.7104    1503.57    1517.47 0.0000e+00
      14803    435.000    11.8088   4.011998     2.3303     0.0384    4.81357    35.1114    26.7127    1503.48    1517.44 0.0000e+00
      14826    436.000    11.7868   4.009478     2.3289     0.0373    4.81264    35.1071    26.7135    1503.42    1517.41 0.0000e+00
      14854    437.000    11.7732   4.007813     2.3303     0.0373    4.81836    35.1031    26.7130    1503.38    1517.37 0.0000e+00
      14894    438.000    11.7614   4.006488     2.3301     0.0382    4.81977    35.1009    26.7134    1503.35    1517.34 0.0000e+00
      14933    439.000    11.7245   4.002624     2.3289     0.0377    4.82084    35.0973    26.7177    1503.24    1517.31 0.0000e+00
      14961    440.000    11.6976   3.999731     2.3282     0.0390    4.82236    35.0939    26.7201    1503.16    1517.28 0.0000e+00
      14985    441.000    11.6709   3.996796     2.3280     0.0365    4.82511    35.0898    26.7220    1503.08    1517.24 0.0000e+00
      15007    442.000    11.6336   3.993084     2.3270     0.0382    4.82684    35.0881    26.7276    1502.96    1517.21 0.0000e+00
      15029    443.000    11.5644   3.985551     2.3257     0.0397    4.83095    35.0790    26.7335    1502.73    1517.18 0.0000e+00
      15056    444.000    11.5432   3.982574     2.3239     0.0384    4.82908    35.0693    26.7299    1502.66    1517.15 0.0000e+00
      15090    445.000    11.5258   3.980627     2.3201     0.0368    4.82165    35.0661    26.7307    1502.62    1517.11 0.0000e+00
      15125    446.000    11.5129   3.979213     2.3176     0.0388    4.81686    35.0639    26.7314    1502.59    1517.08 0.0000e+00
      15152    447.000    11.5059   3.978530     2.3173     0.0407    4.81749    35.0634    26.7323    1502.58    1517.05 0.0000e+00
      15175    448.000    11.4682   3.974908     2.3163     0.0402    4.81897    35.0629    26.7389    1502.46    1517.01 0.0000e+00
      15201    449.000    11.4224   3.969539     2.3162     0.0393    4.82415    35.0528    26.7396    1502.31    1516.98 0.0000e+00
      15234    450.000    11.4104   3.968113     2.3156     0.0398    4.82448    35.0496    26.7394    1502.28    1516.95 0.0000e+00
      15268    451.000    11.3980   3.966807     2.3150     0.0365    4.82481    35.0480    26.7404    1502.25    1516.92 0.0000e+00
      15295    452.000    11.3918   3.966177     2.3150     0.0351    4.82603    35.0472    26.7409    1502.24    1516.88 0.0000e+00
      15319    453.000    11.3858   3.965604     2.3157     0.0347    4.82927    35.0468    26.7417    1502.24    1516.85 0.0000e+00
      15343    454.000    11.3731   3.964254     2.3155     0.0351    4.83065    35.0450    26.7427    1502.21    1516.82 0.0000e+00
      15372    455.000    11.3506   3.961822     2.3154     0.0390    4.83310    35.0419    26.7444    1502.14    1516.78 0.0000e+00
      15409    456.000    11.3088   3.957378     2.3151     0.0418    4.83734    35.0370    26.7484    1502.01    1516.75 0.0000e+00
      15446    457.000    11.2271   3.948448     2.3152     0.0398    4.84652    35.0256    26.7545    1501.73    1516.72 0.0000e+00
      15472    458.000    11.2168   3.947243     2.3138     0.0367    4.84437    35.0229    26.7543    1501.71    1516.69 0.0000e+00
      15493    459.000    11.1981   3.945371     2.3130     0.0362    4.84473    35.0217    26.7568    1501.66    1516.65 0.0000e+00
      15515    460.000    11.1881   3.944140     2.3115     0.0377    4.84261    35.0185    26.7561    1501.63    1516.62 0.0000e+00
      15540    461.000    11.1728   3.942475     2.3116     0.0376    4.84498    35.0160    26.7570    1501.59    1516.59 0.0000e+00
      15571    462.000    11.1504   3.939821     2.3124     0.0370    4.85019    35.0105    26.7568    1501.53    1516.55 0.0000e+00
      15614    463.000    11.1159   3.936394     2.3131     0.0368    4.85610    35.0087    26.7618    1501.42    1516.52 0.0000e+00
      15647    464.000    11.0622   3.930955     2.3139     0.0383    4.86422    35.0052    26.7688    1501.24    1516.49 0.0000e+00
      15669    465.000    10.9896   3.923474     2.3133     0.0384    4.87066    34.9992    26.7773    1501.00    1516.45 0.0000e+00
      15690    466.000    10.9413   3.917584     2.3107     0.0369    4.86957    34.9860    26.7757    1500.83    1516.42 0.0000e+00
      15717    467.000    10.9288   3.915868     2.3061     0.0400    4.85902    34.9803    26.7736    1500.80    1516.39 0.0000e+00
      15748    468.000    10.9157   3.914591     2.3035     0.0367    4.85400    34.9795    26.7754    1500.77    1516.35 0.0000e+00
      15778    469.000    10.9030   3.913099     2.3019     0.0374    4.85176    34.9763    26.7751    1500.73    1516.32 0.0000e+00
      15810    470.000    10.8987   3.912655     2.2995     0.0404    4.84652    34.9755    26.7753    1500.73    1516.29 0.0000e+00
      15841    471.000    10.8891   3.911725     2.2981     0.0399    4.84422    34.9749    26.7766    1500.72    1516.25 0.0000e+00
      15871    472.000    10.8705   3.909789     2.2976     0.0392    4.84541    34.9728    26.7783    1500.66    1516.22 0.0000e+00
      15898    473.000    10.8478   3.907581     2.2979     0.0380    4.84915    34.9719    26.7817    1500.60    1516.19 0.0000e+00
      15922    474.000    10.8099   3.903439     2.2979     0.0394    4.85370    34.9661    26.7839    1500.48    1516.15 0.0000e+00
      15944    475.000    10.8012   3.902331     2.2983     0.0384    4.85649    34.9629    26.7830    1500.46    1516.12 0.0000e+00
      15971    476.000    10.7734   3.899400     2.2966     0.0371    4.85524    34.9596    26.7854    1500.37    1516.09 0.0000e+00
      16006    477.000    10.7595   3.897766     2.2936     0.0375    4.84929    34.9560    26.7851    1500.34    1516.05 0.0000e+00
      16040    478.000    10.7514   3.896887     2.2937     0.0363    4.85116    34.9545    26.7853    1500.32    1516.02 0.0000e+00
      16070    479.000    10.7455   3.896343     2.2947     0.0350    4.85499    34.9542    26.7862    1500.32    1515.99 0.0000e+00
      16099    480.000    10.7205   3.893719     2.2944     0.0375    4.85737    34.9513    26.7884    1500.24    1515.95 0.0000e+00
      16125    481.000    10.6995   3.891585     2.2938     0.0381    4.85852    34.9494    26.7907    1500.18    1515.92 0.0000e+00
      16149    482.000    10.6463   3.886202     2.2909     0.0388    4.85672    34.9457    26.7972    1500.01    1515.89 0.0000e+00
      16176    483.000    10.5971   3.880671     2.2895     0.0378    4.85864    34.9366    26.7989    1499.84    1515.85 0.0000e+00
      16205    484.000    10.5684   3.877297     2.2885     0.0378    4.85959    34.9296    26.7985    1499.74    1515.82 0.0000e+00
