src/org/ramadda/geodata/point/ocean/examples/sta0865.cnv
* Sea-Bird SBE 9 Data File:
* FileName = C:\Seabird\CTDData\STA0865.dat
* Software Version Seasave Win32 V 5.30a
* Temperature SN = 2369
* Conductivity SN = 1827
* Number of Bytes Per Scan = 21
* Number of Voltage Words = 3
* Number of Scans Averaged by the Deck Unit = 1
* NMEA Latitude = 25 55.56 S
* NMEA Longitude = 044 29.10 E
* NMEA UTC (Time) = none
** Ship: 14 R/V "Dr. Fridtjof Nansen" 
** Station: 0865
** Echodepth: 1158
** Log: 2238.32
** Wind-Dir/Force: 35 07
** Air-Temp (dry): 23
** Weather Sky: 1 1
** Sea : 2
# nquan = 12                                
# nvalues = 1179                        
# units = specified
# name 0 = scan: Scan Count
# name 1 = prDM: Pressure, Digiquartz [db]
# name 2 = t068C: Temperature [ITS-68, deg C]
# name 3 = c0S/m: Conductivity [S/m]
# name 4 = sbeox0V: Oxygen Voltage, SBE 43
# name 5 = flCUVA: Fluorescence, Chelsea UV Aquatracka [ug/l]
# name 6 = sbeox0ML/L: Oxygen, SBE 43 [ml/l], WS = 2
# name 7 = sal00: Salinity [PSU]
# name 8 = sigma-t00: Density [sigma-t, Kg/m^3 ]
# name 9 = svCM: Sound Velocity [Chen-Millero, m/s]
# name 10 = avgsvCM: Average Sound Velocity [Chen-Millero, m/s], minP = 0, minS = 0, pWS = 20, tWS = 60
# name 11 = flag: flag
# span 0 =       1816,      35605       
# span 1 =      4.000,   1182.000       
# span 2 =     4.9494,    22.8567       
# span 3 =   3.369758,   5.139570       
# span 4 =     1.3456,     2.7156       
# span 5 =     0.0326,     0.3256       
# span 6 =    2.84729,    4.87066       
# span 7 =    34.5666,    35.8154       
# span 8 =    24.2935,    27.4672       
# span 9 =    1487.67,    1530.07       
# span 10 =    1501.21,    1529.70      
# span 11 = 0.0000e+00, 0.0000e+00      
# interval = decibars: 1                
# start_time = Aug 31 2008 07:23:08
# bad_flag = -9.990e-29
*END*
[from data line 963]
      29407    967.000     5.4787   3.398563     1.5570     0.0402    3.42104    34.6198    27.3172    1488.10    1504.03 0.0000e+00
      29435    968.000     5.4794   3.398706     1.5566     0.0419    3.42037    34.6202    27.3175    1488.12    1504.01 0.0000e+00
      29456    969.000     5.4792   3.398821     1.5559     0.0416    3.41849    34.6212    27.3183    1488.14    1504.00 0.0000e+00
      29477    970.000     5.4785   3.398838     1.5542     0.0408    3.41337    34.6217    27.3187    1488.15    1503.98 0.0000e+00
      29498    971.000     5.4771   3.398780     1.5537     0.0415    3.41222    34.6219    27.3191    1488.16    1503.96 0.0000e+00
      29520    972.000     5.4754   3.398685     1.5530     0.0390    3.41067    34.6221    27.3195    1488.17    1503.95 0.0000e+00
      29544    973.000     5.4734   3.398540     1.5522     0.0398    3.40887    34.6220    27.3196    1488.18    1503.93 0.0000e+00
      29576    974.000     5.4726   3.398495     1.5511     0.0419    3.40581    34.6219    27.3196    1488.19    1503.91 0.0000e+00
      29617    975.000     5.4719   3.398482     1.5502     0.0424    3.40330    34.6219    27.3197    1488.21    1503.90 0.0000e+00
      29656    976.000     5.4539   3.397205     1.5495     0.0423    3.40277    34.6253    27.3246    1488.16    1503.88 0.0000e+00
      29682    977.000     5.4315   3.395595     1.5485     0.0447    3.40156    34.6295    27.3306    1488.09    1503.87 0.0000e+00
      29702    978.000     5.4162   3.394250     1.5475     0.0411    3.40008    34.6293    27.3323    1488.04    1503.85 0.0000e+00
      29721    979.000     5.4116   3.393825     1.5470     0.0404    3.39910    34.6287    27.3324    1488.04    1503.83 0.0000e+00
      29739    980.000     5.4025   3.393494     1.5456     0.0403    3.39548    34.6338    27.3375    1488.03    1503.82 0.0000e+00
      29760    981.000     5.3795   3.391683     1.5438     0.0414    3.39199    34.6362    27.3422    1487.95    1503.80 0.0000e+00
      29786    982.000     5.3689   3.390898     1.5407     0.0406    3.38319    34.6377    27.3446    1487.93    1503.78 0.0000e+00
      29821    983.000     5.3647   3.390522     1.5368     0.0392    3.37105    34.6372    27.3448    1487.93    1503.77 0.0000e+00
      29858    984.000     5.3576   3.389947     1.5324     0.0419    3.35785    34.6374    27.3458    1487.91    1503.75 0.0000e+00
      29888    985.000     5.3428   3.388821     1.5286     0.0406    3.34676    34.6393    27.3490    1487.87    1503.74 0.0000e+00
      29912    986.000     5.3386   3.388559     1.5259     0.0421    3.33881    34.6401    27.3502    1487.87    1503.72 0.0000e+00
      29935    987.000     5.3376   3.388568     1.5235     0.0416    3.33148    34.6407    27.3508    1487.89    1503.70 0.0000e+00
      29960    988.000     5.3324   3.388324     1.5213     0.0428    3.32511    34.6428    27.3531    1487.89    1503.69 0.0000e+00
      29988    989.000     5.3182   3.387142     1.5191     0.0424    3.31931    34.6434    27.3552    1487.85    1503.67 0.0000e+00
      30019    990.000     5.3152   3.386905     1.5169     0.0408    3.31280    34.6433    27.3555    1487.85    1503.65 0.0000e+00
      30049    991.000     5.3059   3.386155     1.5143     0.0376    3.30566    34.6438    27.3570    1487.83    1503.64 0.0000e+00
      30073    992.000     5.2999   3.385664     1.5121     0.0365    3.29930    34.6438    27.3578    1487.82    1503.62 0.0000e+00
      30095    993.000     5.2981   3.385503     1.5105     0.0384    3.29447    34.6434    27.3576    1487.83    1503.61 0.0000e+00
      30118    994.000     5.2990   3.385651     1.5085     0.0387    3.28828    34.6436    27.3577    1487.85    1503.59 0.0000e+00
      30145    995.000     5.2962   3.385480     1.5067     0.0415    3.28318    34.6441    27.3584    1487.86    1503.57 0.0000e+00
      30177    996.000     5.2719   3.383597     1.5050     0.0424    3.27992    34.6470    27.3636    1487.78    1503.56 0.0000e+00
      30207    997.000     5.2694   3.383389     1.5034     0.0412    3.27521    34.6467    27.3637    1487.79    1503.54 0.0000e+00
      30231    998.000     5.2659   3.383156     1.5018     0.0428    3.27060    34.6472    27.3645    1487.79    1503.53 0.0000e+00
      30260    999.000     5.2638   3.382989     1.5002     0.0445    3.26610    34.6469    27.3645    1487.80    1503.51 0.0000e+00
      30289   1000.000     5.2614   3.382864     1.4984     0.0424    3.26059    34.6475    27.3652    1487.80    1503.49 0.0000e+00
      30312   1001.000     5.2473   3.381847     1.4974     0.0407    3.25894    34.6498    27.3688    1487.77    1503.48 0.0000e+00
      30335   1002.000     5.2338   3.380695     1.4962     0.0440    3.25649    34.6501    27.3706    1487.73    1503.46 0.0000e+00
      30361   1003.000     5.2166   3.379124     1.4948     0.0422    3.25360    34.6493    27.3720    1487.67    1503.45 0.0000e+00
      30391   1004.000     5.2116   3.378661     1.4928     0.0442    3.24779    34.6486    27.3721    1487.67    1503.43 0.0000e+00
      30420   1005.000     5.2075   3.378319     1.4909     0.0425    3.24211    34.6484    27.3724    1487.67    1503.42 0.0000e+00
      30449   1006.000     5.2051   3.378161     1.4890     0.0420    3.23670    34.6486    27.3728    1487.68    1503.40 0.0000e+00
      30477   1007.000     5.2023   3.378048     1.4873     0.0423    3.23168    34.6497    27.3740    1487.68    1503.38 0.0000e+00
      30503   1008.000     5.1964   3.377676     1.4861     0.0410    3.22870    34.6510    27.3758    1487.68    1503.37 0.0000e+00
      30527   1009.000     5.1944   3.377570     1.4854     0.0394    3.22697    34.6514    27.3763    1487.69    1503.35 0.0000e+00
      30550   1010.000     5.1933   3.377543     1.4844     0.0408    3.22407    34.6517    27.3767    1487.70    1503.34 0.0000e+00
      30575   1011.000     5.1921   3.377588     1.4830     0.0409    3.21987    34.6530    27.3778    1487.71    1503.32 0.0000e+00
      30602   1012.000     5.1892   3.377528     1.4814     0.0416    3.21531    34.6548    27.3796    1487.72    1503.31 0.0000e+00
      30633   1013.000     5.1879   3.377629     1.4797     0.0435    3.21029    34.6568    27.3813    1487.73    1503.29 0.0000e+00
      30665   1014.000     5.1882   3.377734     1.4779     0.0438    3.20477    34.6572    27.3816    1487.75    1503.27 0.0000e+00
      30693   1015.000     5.1882   3.377726     1.4762     0.0440    3.19944    34.6566    27.3811    1487.77    1503.26 0.0000e+00
      30720   1016.000     5.1882   3.377788     1.4743     0.0447    3.19366    34.6568    27.3813    1487.78    1503.24 0.0000e+00
      30749   1017.000     5.1883   3.377849     1.4720     0.0415    3.18670    34.6569    27.3814    1487.80    1503.23 0.0000e+00
      30777   1018.000     5.1884   3.377953     1.4708     0.0429    3.18294    34.6575    27.3818    1487.82    1503.21 0.0000e+00
      30803   1019.000     5.1886   3.378041     1.4693     0.0414    3.17860    34.6578    27.3821    1487.84    1503.20 0.0000e+00
      30828   1020.000     5.1887   3.378160     1.4687     0.0399    3.17681    34.6586    27.3827    1487.85    1503.18 0.0000e+00
      30852   1021.000     5.1857   3.378086     1.4676     0.0411    3.17412    34.6603    27.3844    1487.86    1503.17 0.0000e+00
      30877   1022.000     5.1850   3.378102     1.4668     0.0391    3.17167    34.6607    27.3848    1487.88    1503.15 0.0000e+00
      30905   1023.000     5.1853   3.378159     1.4661     0.0390    3.16980    34.6606    27.3847    1487.89    1503.14 0.0000e+00
      30941   1024.000     5.1865   3.378266     1.4647     0.0413    3.16553    34.6601    27.3841    1487.91    1503.12 0.0000e+00
      30973   1025.000     5.1872   3.378345     1.4633     0.0440    3.16132    34.6598    27.3838    1487.93    1503.11 0.0000e+00
      30996   1026.000     5.1852   3.378324     1.4623     0.0428    3.15858    34.6611    27.3851    1487.94    1503.09 0.0000e+00
      31018   1027.000     5.1832   3.378251     1.4615     0.0412    3.15663    34.6619    27.3859    1487.95    1503.08 0.0000e+00
      31041   1028.000     5.1805   3.378140     1.4611     0.0409    3.15582    34.6629    27.3870    1487.96    1503.06 0.0000e+00
      31071   1029.000     5.1785   3.378033     1.4602     0.0405    3.15356    34.6632    27.3875    1487.97    1503.05 0.0000e+00
      31107   1030.000     5.1765   3.377939     1.4590     0.0426    3.15009    34.6637    27.3881    1487.98    1503.03 0.0000e+00
      31142   1031.000     5.1744   3.377836     1.4574     0.0449    3.14546    34.6642    27.3888    1487.99    1503.02 0.0000e+00
      31170   1032.000     5.1724   3.377725     1.4566     0.0445    3.14321    34.6645    27.3893    1488.00    1503.00 0.0000e+00
      31194   1033.000     5.1721   3.377748     1.4555     0.0420    3.14019    34.6646    27.3894    1488.01    1502.99 0.0000e+00
      31218   1034.000     5.1725   3.377811     1.4547     0.0434    3.13792    34.6644    27.3892    1488.03    1502.98 0.0000e+00
      31241   1035.000     5.1718   3.377798     1.4538     0.0428    3.13523    34.6645    27.3893    1488.04    1502.96 0.0000e+00
      31266   1036.000     5.1713   3.377807     1.4529     0.0422    3.13296    34.6646    27.3895    1488.06    1502.95 0.0000e+00
      31296   1037.000     5.1710   3.377822     1.4523     0.0422    3.13117    34.6646    27.3895    1488.07    1502.93 0.0000e+00
      31330   1038.000     5.1703   3.377800     1.4518     0.0415    3.13001    34.6646    27.3896    1488.09    1502.92 0.0000e+00
      31360   1039.000     5.1706   3.377867     1.4516     0.0423    3.12980    34.6645    27.3895    1488.10    1502.90 0.0000e+00
      31386   1040.000     5.1698   3.377880     1.4507     0.0429    3.12749    34.6650    27.3900    1488.12    1502.89 0.0000e+00
      31410   1041.000     5.1675   3.377757     1.4500     0.0408    3.12566    34.6655    27.3906    1488.13    1502.87 0.0000e+00
      31440   1042.000     5.1636   3.377476     1.4493     0.0443    3.12396    34.6658    27.3913    1488.13    1502.86 0.0000e+00
      31476   1043.000     5.1627   3.377444     1.4488     0.0445    3.12274    34.6659    27.3915    1488.14    1502.85 0.0000e+00
      31506   1044.000     5.1541   3.376877     1.4487     0.0433    3.12343    34.6677    27.3940    1488.12    1502.83 0.0000e+00
      31532   1045.000     5.1437   3.376023     1.4484     0.0406    3.12368    34.6682    27.3955    1488.10    1502.82 0.0000e+00
      31557   1046.000     5.1402   3.375762     1.4476     0.0403    3.12164    34.6683    27.3961    1488.10    1502.80 0.0000e+00
      31582   1047.000     5.1394   3.375723     1.4470     0.0424    3.12027    34.6682    27.3961    1488.11    1502.79 0.0000e+00
      31606   1048.000     5.1387   3.375747     1.4461     0.0429    3.11779    34.6687    27.3965    1488.13    1502.78 0.0000e+00
      31635   1049.000     5.1350   3.375511     1.4450     0.0419    3.11483    34.6693    27.3975    1488.13    1502.76 0.0000e+00
      31672   1050.000     5.1400   3.375911     1.4443     0.0419    3.11255    34.6682    27.3960    1488.17    1502.75 0.0000e+00
      31705   1051.000     5.1407   3.376025     1.4436     0.0434    3.11060    34.6683    27.3960    1488.19    1502.73 0.0000e+00
      31734   1052.000     5.1381   3.375932     1.4431     0.0426    3.10952    34.6695    27.3972    1488.19    1502.72 0.0000e+00
      31761   1053.000     5.1327   3.375542     1.4422     0.0422    3.10724    34.6700    27.3983    1488.19    1502.71 0.0000e+00
      31785   1054.000     5.1328   3.375573     1.4418     0.0406    3.10638    34.6698    27.3981    1488.21    1502.69 0.0000e+00
      31807   1055.000     5.1310   3.375583     1.4416     0.0395    3.10632    34.6713    27.3995    1488.22    1502.68 0.0000e+00
      31832   1056.000     5.1288   3.375660     1.4410     0.0385    3.10480    34.6739    27.4019    1488.23    1502.66 0.0000e+00
      31862   1057.000     5.1293   3.375726     1.4396     0.0427    3.10067    34.6737    27.4016    1488.25    1502.65 0.0000e+00
      31896   1058.000     5.1287   3.375868     1.4391     0.0423    3.09913    34.6754    27.4031    1488.26    1502.64 0.0000e+00
      31930   1059.000     5.1289   3.375959     1.4378     0.0388    3.09535    34.6758    27.4033    1488.28    1502.62 0.0000e+00
      31962   1060.000     5.1260   3.376028     1.4369     0.0445    3.09306    34.6791    27.4063    1488.29    1502.61 0.0000e+00
      31989   1061.000     5.1269   3.376090     1.4360     0.0440    3.09023    34.6784    27.4056    1488.31    1502.60 0.0000e+00
      32014   1062.000     5.1274   3.376193     1.4352     0.0432    3.08818    34.6785    27.4057    1488.33    1502.58 0.0000e+00
      32039   1063.000     5.1279   3.376315     1.4340     0.0436    3.08460    34.6789    27.4059    1488.35    1502.57 0.0000e+00
      32067   1064.000     5.1274   3.376445     1.4323     0.0431    3.07923    34.6805    27.4072    1488.36    1502.56 0.0000e+00
      32099   1065.000     5.1263   3.376525     1.4305     0.0436    3.07364    34.6820    27.4086    1488.38    1502.54 0.0000e+00
      32131   1066.000     5.1246   3.376516     1.4294     0.0436    3.07073    34.6832    27.4097    1488.39    1502.53 0.0000e+00
      32161   1067.000     5.1252   3.376511     1.4286     0.0439    3.06835    34.6820    27.4087    1488.41    1502.51 0.0000e+00
      32190   1068.000     5.1250   3.376566     1.4277     0.0458    3.06566    34.6823    27.4090    1488.42    1502.50 0.0000e+00
      32218   1069.000     5.1196   3.376633     1.4270     0.0445    3.06404    34.6882    27.4142    1488.42    1502.49 0.0000e+00
      32241   1070.000     5.1146   3.376547     1.4261     0.0464    3.06183    34.6918    27.4177    1488.43    1502.48 0.0000e+00
      32262   1071.000     5.1134   3.376512     1.4258     0.0428    3.06120    34.6922    27.4181    1488.44    1502.46 0.0000e+00
      32286   1072.000     5.1131   3.376553     1.4246     0.0424    3.05765    34.6925    27.4184    1488.45    1502.45 0.0000e+00
      32316   1073.000     5.1126   3.376569     1.4225     0.0437    3.05142    34.6927    27.4186    1488.47    1502.44 0.0000e+00
      32351   1074.000     5.1122   3.376603     1.4192     0.0445    3.04058    34.6930    27.4189    1488.48    1502.42 0.0000e+00
      32392   1075.000     5.1110   3.376574     1.4162     0.0421    3.03129    34.6934    27.4194    1488.50    1502.41 0.0000e+00
      32423   1076.000     5.1089   3.376593     1.4144     0.0402    3.02565    34.6953    27.4211    1488.51    1502.40 0.0000e+00
      32447   1077.000     5.1069   3.376548     1.4136     0.0404    3.02378    34.6964    27.4222    1488.52    1502.38 0.0000e+00
      32470   1078.000     5.1057   3.376607     1.4125     0.0393    3.02057    34.6978    27.4235    1488.53    1502.37 0.0000e+00
      32493   1079.000     5.1033   3.376595     1.4115     0.0415    3.01762    34.6996    27.4252    1488.54    1502.36 0.0000e+00
      32518   1080.000     5.0997   3.376513     1.4104     0.0428    3.01448    34.7019    27.4274    1488.54    1502.34 0.0000e+00
      32547   1081.000     5.0989   3.376523     1.4091     0.0449    3.01067    34.7023    27.4279    1488.56    1502.33 0.0000e+00
      32578   1082.000     5.0984   3.376531     1.4073     0.0444    3.00530    34.7025    27.4280    1488.57    1502.32 0.0000e+00
      32605   1083.000     5.0986   3.376680     1.4054     0.0427    2.99941    34.7035    27.4288    1488.59    1502.31 0.0000e+00
      32630   1084.000     5.0990   3.376812     1.4036     0.0426    2.99383    34.7041    27.4293    1488.61    1502.29 0.0000e+00
      32660   1085.000     5.0984   3.376796     1.4016     0.0458    2.98738    34.7040    27.4293    1488.62    1502.28 0.0000e+00
