src/org/ramadda/geodata/point/ocean/examples/sta0864.cnv
* Sea-Bird SBE 9 Data File:
* FileName = C:\Seabird\CTDData\STA0864.dat
* Software Version Seasave Win32 V 5.30a
* Temperature SN = 2369
* Conductivity SN = 1827
* Number of Bytes Per Scan = 21
* Number of Voltage Words = 3
* Number of Scans Averaged by the Deck Unit = 1
* NMEA Latitude = 25 49.25 S
* NMEA Longitude = 044 32.33 E
* NMEA UTC (Time) = none
** Ship: 14 R/V "Dr. Fridtjof Nansen" 
** Station: 0864
** Echodepth: 259
** Log: 2229.34
** Wind-Dir/Force: 33 07
** Air-Temp (dry): 23
** Weather Sky: 1 1
** Sea : 1
# nquan = 12                                
# nvalues = 246                         
# units = specified
# name 0 = scan: Scan Count
# name 1 = prDM: Pressure, Digiquartz [db]
# name 2 = t068C: Temperature [ITS-68, deg C]
# name 3 = c0S/m: Conductivity [S/m]
# name 4 = sbeox0V: Oxygen Voltage, SBE 43
# name 5 = flCUVA: Fluorescence, Chelsea UV Aquatracka [ug/l]
# name 6 = sbeox0ML/L: Oxygen, SBE 43 [ml/l], WS = 2
# name 7 = sal00: Salinity [PSU]
# name 8 = sigma-t00: Density [sigma-t, Kg/m^3 ]
# name 9 = svCM: Sound Velocity [Chen-Millero, m/s]
# name 10 = avgsvCM: Average Sound Velocity [Chen-Millero, m/s], minP = 0, minS = 0, pWS = 20, tWS = 60
# name 11 = flag: flag
# span 0 =        525,       7952       
# span 1 =      3.000,    248.000       
# span 2 =    14.6845,    22.6147       
# span 3 =   4.317119,   5.115391       
# span 4 =     2.1766,     2.8273       
# span 5 =     0.0414,     0.3365       
# span 6 =    3.75521,    4.74766       
# span 7 =    35.4195,    35.5477       
# span 8 =    24.3771,    26.3679       
# span 9 =    1510.26,    1529.20       
# span 10 =    1525.24,    1529.10      
# span 11 = 0.0000e+00, 0.0000e+00      
# interval = decibars: 1                
# start_time = Aug 31 2008 05:21:15
# bad_flag = -9.990e-29
*END*
        525      3.000    22.6134   5.115020     2.8273     0.1177    4.74612    35.4365    24.3773    1528.97    1528.97 0.0000e+00
       1371      4.000    22.6134   5.115083     2.8222     0.1085    4.73628    35.4366    24.3774    1528.99    1528.98 0.0000e+00
       1474      5.000    22.6147   5.115271     2.8216     0.1133    4.73574    35.4367    24.3771    1529.01    1528.98 0.0000e+00
       1529      6.000    22.6142   5.115268     2.8230     0.1237    4.73919    35.4368    24.3773    1529.03    1528.99 0.0000e+00
       1586      7.000    22.6123   5.115115     2.8224     0.1202    4.73883    35.4368    24.3778    1529.04    1529.00 0.0000e+00
       1634      8.000    22.6112   5.115039     2.8232     0.1235    4.74112    35.4367    24.3781    1529.05    1529.00 0.0000e+00
       1676      9.000    22.6113   5.115096     2.8247     0.1315    4.74482    35.4368    24.3781    1529.07    1529.01 0.0000e+00
       1714     10.000    22.6116   5.115170     2.8215     0.1306    4.73896    35.4367    24.3780    1529.09    1529.02 0.0000e+00
       1743     11.000    22.6116   5.115221     2.8204     0.1362    4.73722    35.4368    24.3781    1529.10    1529.03 0.0000e+00
       1770     12.000    22.6109   5.115205     2.8223     0.1364    4.74175    35.4369    24.3783    1529.12    1529.03 0.0000e+00
       1801     13.000    22.6111   5.115244     2.8234     0.1388    4.74465    35.4367    24.3781    1529.13    1529.04 0.0000e+00
       1835     14.000    22.6113   5.115319     2.8226     0.1319    4.74381    35.4368    24.3781    1529.15    1529.05 0.0000e+00
       1860     15.000    22.6112   5.115350     2.8242     0.1307    4.74766    35.4368    24.3782    1529.17    1529.06 0.0000e+00
       1878     16.000    22.6112   5.115391     2.8220     0.1284    4.74384    35.4367    24.3781    1529.18    1529.07 0.0000e+00
       1894     17.000    22.6084   5.115175     2.8201     0.1266    4.74077    35.4370    24.3791    1529.19    1529.07 0.0000e+00
       1911     18.000    22.6030   5.114660     2.8186     0.1296    4.73872    35.4370    24.3807    1529.20    1529.08 0.0000e+00
       1928     19.000    22.5891   5.113284     2.8175     0.1318    4.73817    35.4373    24.3848    1529.18    1529.09 0.0000e+00
       1949     20.000    22.5852   5.112868     2.8158     0.1361    4.73570    35.4368    24.3856    1529.19    1529.09 0.0000e+00
       1972     21.000    22.5695   5.111307     2.8157     0.1424    4.73724    35.4371    24.3903    1529.16    1529.09 0.0000e+00
       1995     22.000    22.5512   5.109459     2.8171     0.1415    4.74215    35.4372    24.3956    1529.13    1529.10 0.0000e+00
       2018     23.000    22.5247   5.106788     2.8146     0.1412    4.73973    35.4376    24.4034    1529.08    1529.09 0.0000e+00
       2041     24.000    22.4862   5.102786     2.8121     0.1457    4.73817    35.4373    24.4142    1529.00    1529.09 0.0000e+00
       2067     25.000    22.4603   5.100137     2.8093     0.1571    4.73515    35.4373    24.4216    1528.95    1529.08 0.0000e+00
       2095     26.000    22.4571   5.099797     2.8052     0.1653    4.72771    35.4369    24.4222    1528.95    1529.08 0.0000e+00
       2118     27.000    22.4396   5.098187     2.8010     0.1854    4.72106    35.4382    24.4282    1528.93    1529.07 0.0000e+00
       2139     28.000    22.4162   5.095694     2.7987     0.1912    4.71870    35.4375    24.4342    1528.88    1529.07 0.0000e+00
       2160     29.000    22.4128   5.095401     2.7963     0.2053    4.71461    35.4376    24.4353    1528.89    1529.06 0.0000e+00
       2184     30.000    22.4035   5.094460     2.7934     0.2200    4.71011    35.4375    24.4378    1528.88    1529.06 0.0000e+00
       2215     31.000    22.3865   5.092787     2.7916     0.2269    4.70834    35.4379    24.4430    1528.86    1529.05 0.0000e+00
       2248     32.000    22.3820   5.092314     2.7895     0.2476    4.70495    35.4375    24.4440    1528.86    1529.04 0.0000e+00
       2279     33.000    22.3818   5.092372     2.7866     0.2387    4.69967    35.4378    24.4442    1528.88    1529.04 0.0000e+00
       2305     34.000    22.3802   5.092239     2.7856     0.2496    4.69832    35.4377    24.4446    1528.89    1529.03 0.0000e+00
       2326     35.000    22.3792   5.092226     2.7835     0.2527    4.69474    35.4381    24.4452    1528.91    1529.03 0.0000e+00
       2344     36.000    22.3753   5.091872     2.7808     0.2619    4.69013    35.4381    24.4464    1528.91    1529.03 0.0000e+00
       2360     37.000    22.3727   5.091667     2.7783     0.2552    4.68585    35.4383    24.4472    1528.92    1529.02 0.0000e+00
       2378     38.000    22.3702   5.091462     2.7762     0.2569    4.68218    35.4384    24.4480    1528.93    1529.02 0.0000e+00
       2407     39.000    22.3635   5.090829     2.7771     0.2667    4.68520    35.4386    24.4500    1528.93    1529.02 0.0000e+00
       2441     40.000    22.3590   5.090432     2.7798     0.2436    4.69174    35.4388    24.4515    1528.94    1529.02 0.0000e+00
       2471     41.000    22.3551   5.090110     2.7803     0.2342    4.69386    35.4391    24.4528    1528.94    1529.02 0.0000e+00
       2500     42.000    22.3274   5.087526     2.7830     0.2396    4.70211    35.4411    24.4622    1528.89    1529.01 0.0000e+00
       2526     43.000    22.2236   5.077713     2.7832     0.2544    4.71090    35.4485    24.4972    1528.65    1529.00 0.0000e+00
       2548     44.000    22.1340   5.068961     2.7807     0.2527    4.71308    35.4526    24.5256    1528.43    1528.99 0.0000e+00
       2567     45.000    21.9847   5.053964     2.7774     0.2521    4.71851    35.4564    24.5704    1528.06    1528.97 0.0000e+00
       2588     46.000    21.9551   5.050581     2.7761     0.2743    4.71868    35.4536    24.5766    1528.00    1528.95 0.0000e+00
       2611     47.000    21.9487   5.049564     2.7715     0.2890    4.71043    35.4505    24.5760    1528.00    1528.93 0.0000e+00
       2637     48.000    21.9008   5.045028     2.7617     0.2963    4.69441    35.4536    24.5918    1527.89    1528.91 0.0000e+00
       2665     49.000    21.8550   5.040606     2.7468     0.3132    4.66746    35.4559    24.6064    1527.79    1528.88 0.0000e+00
       2693     50.000    21.8252   5.037669     2.7291     0.3030    4.63358    35.4568    24.6154    1527.73    1528.86 0.0000e+00
       2719     51.000    21.8227   5.037538     2.7056     0.3114    4.58546    35.4574    24.6166    1527.74    1528.84 0.0000e+00
       2743     52.000    21.8204   5.037421     2.6875     0.2969    4.54843    35.4581    24.6177    1527.75    1528.82 0.0000e+00
       2767     53.000    21.8202   5.037465     2.6761     0.2872    4.52535    35.4582    24.6179    1527.77    1528.80 0.0000e+00
       2792     54.000    21.8202   5.037494     2.6680     0.2819    4.50920    35.4581    24.6178    1527.79    1528.78 0.0000e+00
       2819     55.000    21.8203   5.037564     2.6641     0.2738    4.50155    35.4582    24.6179    1527.80    1528.76 0.0000e+00
       2844     56.000    21.8202   5.037627     2.6608     0.2700    4.49531    35.4585    24.6181    1527.82    1528.75 0.0000e+00
       2867     57.000    21.8205   5.037720     2.6593     0.2999    4.49281    35.4586    24.6181    1527.84    1528.73 0.0000e+00
       2888     58.000    21.8206   5.037795     2.6593     0.3038    4.49338    35.4588    24.6182    1527.85    1528.71 0.0000e+00
       2911     59.000    21.8192   5.037692     2.6585     0.3142    4.49249    35.4588    24.6186    1527.87    1528.70 0.0000e+00
       2938     60.000    21.8137   5.037206     2.6556     0.2915    4.48732    35.4591    24.6204    1527.87    1528.69 0.0000e+00
       2966     61.000    21.8074   5.036652     2.6564     0.2645    4.49017    35.4595    24.6225    1527.87    1528.67 0.0000e+00
       2992     62.000    21.8026   5.036227     2.6567     0.2751    4.49173    35.4598    24.6240    1527.87    1528.66 0.0000e+00
       3017     63.000    21.8016   5.036189     2.6554     0.2810    4.48972    35.4599    24.6244    1527.89    1528.65 0.0000e+00
       3043     64.000    21.7983   5.035904     2.6536     0.2819    4.48678    35.4601    24.6254    1527.90    1528.64 0.0000e+00
       3071     65.000    21.7971   5.035796     2.6511     0.2744    4.48224    35.4598    24.6256    1527.91    1528.62 0.0000e+00
       3097     66.000    21.7967   5.035815     2.6539     0.2715    4.48876    35.4600    24.6258    1527.93    1528.61 0.0000e+00
       3119     67.000    21.7959   5.035745     2.6535     0.2698    4.48866    35.4597    24.6258    1527.94    1528.60 0.0000e+00
       3139     68.000    21.7937   5.035556     2.6507     0.2676    4.48355    35.4597    24.6264    1527.95    1528.59 0.0000e+00
       3161     69.000    21.7935   5.035575     2.6542     0.2675    4.49140    35.4597    24.6264    1527.97    1528.59 0.0000e+00
       3187     70.000    21.7930   5.035563     2.6565     0.2652    4.49687    35.4596    24.6265    1527.98    1528.58 0.0000e+00
       3214     71.000    21.7912   5.035413     2.6548     0.2753    4.49403    35.4596    24.6270    1527.99    1528.57 0.0000e+00
       3241     72.000    21.7895   5.035263     2.6545     0.2667    4.49425    35.4594    24.6274    1528.01    1528.56 0.0000e+00
       3268     73.000    21.7869   5.034988     2.6551     0.2725    4.49631    35.4591    24.6278    1528.02    1528.55 0.0000e+00
       3296     74.000    21.7874   5.035079     2.6533     0.2877    4.49310    35.4590    24.6276    1528.03    1528.55 0.0000e+00
       3321     75.000    21.7832   5.034567     2.6555     0.2877    4.49859    35.4581    24.6281    1528.04    1528.54 0.0000e+00
       3342     76.000    21.7780   5.034240     2.6565     0.2845    4.50153    35.4594    24.6306    1528.04    1528.53 0.0000e+00
       3364     77.000    21.7749   5.033989     2.6555     0.2706    4.50042    35.4596    24.6316    1528.05    1528.53 0.0000e+00
       3388     78.000    21.7712   5.033645     2.6540     0.2642    4.49820    35.4596    24.6326    1528.06    1528.52 0.0000e+00
       3413     79.000    21.7707   5.033634     2.6565     0.2775    4.50400    35.4596    24.6327    1528.07    1528.51 0.0000e+00
       3439     80.000    21.7670   5.033332     2.6577     0.2669    4.50734    35.4599    24.6340    1528.08    1528.51 0.0000e+00
       3466     81.000    21.7646   5.033128     2.6588     0.2732    4.51055    35.4599    24.6347    1528.09    1528.50 0.0000e+00
       3494     82.000    21.7638   5.033107     2.6626     0.2684    4.51917    35.4600    24.6350    1528.11    1528.50 0.0000e+00
       3521     83.000    21.7638   5.033154     2.6649     0.2777    4.52456    35.4601    24.6350    1528.12    1528.50 0.0000e+00
       3546     84.000    21.7634   5.033201     2.6685     0.2736    4.53269    35.4604    24.6354    1528.14    1528.49 0.0000e+00
       3570     85.000    21.7635   5.033325     2.6672     0.2719    4.53056    35.4610    24.6358    1528.16    1528.49 0.0000e+00
       3596     86.000    21.7636   5.033399     2.6650     0.2658    4.52647    35.4611    24.6359    1528.17    1528.48 0.0000e+00
       3623     87.000    21.7651   5.033703     2.6656     0.2645    4.52835    35.4620    24.6361    1528.20    1528.48 0.0000e+00
       3647     88.000    21.7678   5.034251     2.6688     0.2747    4.53531    35.4637    24.6367    1528.22    1528.48 0.0000e+00
       3669     89.000    21.7687   5.034472     2.6692     0.2775    4.53679    35.4644    24.6369    1528.24    1528.47 0.0000e+00
       3690     90.000    21.7728   5.035370     2.6714     0.2713    4.54145    35.4678    24.6384    1528.27    1528.47 0.0000e+00
       3714     91.000    21.7762   5.036223     2.6732     0.2746    4.54545    35.4714    24.6402    1528.30    1528.47 0.0000e+00
       3742     92.000    21.7790   5.036845     2.6761     0.2770    4.55187    35.4737    24.6411    1528.33    1528.47 0.0000e+00
       3772     93.000    21.7780   5.037059     2.6820     0.2674    4.56490    35.4759    24.6431    1528.35    1528.47 0.0000e+00
       3797     94.000    21.7758   5.036871     2.6869     0.3083    4.57609    35.4758    24.6437    1528.36    1528.47 0.0000e+00
       3820     95.000    21.7721   5.036490     2.6922     0.3144    4.58803    35.4755    24.6444    1528.36    1528.47 0.0000e+00
       3845     96.000    21.7681   5.036061     2.6968     0.3094    4.59867    35.4751    24.6452    1528.37    1528.46 0.0000e+00
       3872     97.000    21.7599   5.035335     2.6991     0.3138    4.60471    35.4757    24.6480    1528.36    1528.46 0.0000e+00
       3900     98.000    21.7553   5.034960     2.6955     0.3365    4.59800    35.4762    24.6496    1528.37    1528.46 0.0000e+00
       3930     99.000    21.7537   5.034850     2.6907     0.3076    4.58883    35.4763    24.6502    1528.38    1528.46 0.0000e+00
       3956    100.000    21.7528   5.034784     2.6887     0.2907    4.58521    35.4761    24.6503    1528.40    1528.46 0.0000e+00
       3979    101.000    21.7520   5.034754     2.6863     0.2814    4.58078    35.4762    24.6506    1528.41    1528.46 0.0000e+00
       4000    102.000    21.7472   5.034418     2.6838     0.2677    4.57667    35.4772    24.6526    1528.42    1528.46 0.0000e+00
       4021    103.000    21.7413   5.034002     2.6834     0.2656    4.57678    35.4784    24.6552    1528.42    1528.46 0.0000e+00
       4046    104.000    21.7366   5.033574     2.6792     0.2633    4.56900    35.4785    24.6566    1528.42    1528.46 0.0000e+00
       4073    105.000    21.7280   5.032661     2.6790     0.2603    4.56972    35.4780    24.6586    1528.42    1528.46 0.0000e+00
       4101    106.000    21.7127   5.030943     2.6811     0.2668    4.57605    35.4766    24.6618    1528.39    1528.46 0.0000e+00
       4131    107.000    21.6937   5.028643     2.6798     0.2893    4.57548    35.4737    24.6649    1528.35    1528.46 0.0000e+00
       4164    108.000    21.6687   5.025881     2.6729     0.2800    4.56346    35.4720    24.6706    1528.30    1528.46 0.0000e+00
       4192    109.000    21.6517   5.024425     2.6681     0.2550    4.55517    35.4741    24.6769    1528.28    1528.45 0.0000e+00
       4215    110.000    21.6514   5.024419     2.6632     0.2433    4.54552    35.4739    24.6769    1528.29    1528.45 0.0000e+00
       4238    111.000    21.6449   5.023810     2.6570     0.2189    4.53364    35.4741    24.6788    1528.29    1528.45 0.0000e+00
       4261    112.000    21.6371   5.023080     2.6513     0.2143    4.52280    35.4744    24.6812    1528.29    1528.45 0.0000e+00
       4286    113.000    21.6305   5.022464     2.6490     0.2087    4.51895    35.4746    24.6832    1528.29    1528.45 0.0000e+00
       4312    114.000    21.6270   5.022160     2.6436     0.2359    4.50854    35.4747    24.6842    1528.30    1528.45 0.0000e+00
       4339    115.000    21.6210   5.021746     2.6393     0.2385    4.50046    35.4760    24.6869    1528.30    1528.45 0.0000e+00
       4368    116.000    21.6177   5.021612     2.6368     0.2378    4.49614    35.4773    24.6888    1528.31    1528.44 0.0000e+00
       4398    117.000    21.6088   5.021069     2.6359     0.2335    4.49545    35.4800    24.6933    1528.30    1528.44 0.0000e+00
       4426    118.000    21.6013   5.020541     2.6345     0.2255    4.49342    35.4816    24.6966    1528.30    1528.44 0.0000e+00
       4453    119.000    21.5886   5.019668     2.6357     0.2208    4.49747    35.4848    24.7026    1528.29    1528.44 0.0000e+00
       4481    120.000    21.5693   5.018387     2.6359     0.2148    4.49992    35.4902    24.7120    1528.26    1528.44 0.0000e+00
       4506    121.000    21.5628   5.017943     2.6356     0.2227    4.50036    35.4917    24.7150    1528.26    1528.44 0.0000e+00
       4528    122.000    21.5629   5.018014     2.6367     0.2272    4.50327    35.4918    24.7150    1528.28    1528.44 0.0000e+00
