src/org/ramadda/geodata/point/ocean/examples/sta0865.cnv
* Sea-Bird SBE 9 Data File:
* FileName = C:\Seabird\CTDData\STA0865.dat
* Software Version Seasave Win32 V 5.30a
* Temperature SN = 2369
* Conductivity SN = 1827
* Number of Bytes Per Scan = 21
* Number of Voltage Words = 3
* Number of Scans Averaged by the Deck Unit = 1
* NMEA Latitude = 25 55.56 S
* NMEA Longitude = 044 29.10 E
* NMEA UTC (Time) = none
** Ship: 14 R/V "Dr. Fridtjof Nansen" 
** Station: 0865
** Echodepth: 1158
** Log: 2238.32
** Wind-Dir/Force: 35 07
** Air-Temp (dry): 23
** Weather Sky: 1 1
** Sea : 2
# nquan = 12                                
# nvalues = 1179                        
# units = specified
# name 0 = scan: Scan Count
# name 1 = prDM: Pressure, Digiquartz [db]
# name 2 = t068C: Temperature [ITS-68, deg C]
# name 3 = c0S/m: Conductivity [S/m]
# name 4 = sbeox0V: Oxygen Voltage, SBE 43
# name 5 = flCUVA: Fluorescence, Chelsea UV Aquatracka [ug/l]
# name 6 = sbeox0ML/L: Oxygen, SBE 43 [ml/l], WS = 2
# name 7 = sal00: Salinity [PSU]
# name 8 = sigma-t00: Density [sigma-t, Kg/m^3 ]
# name 9 = svCM: Sound Velocity [Chen-Millero, m/s]
# name 10 = avgsvCM: Average Sound Velocity [Chen-Millero, m/s], minP = 0, minS = 0, pWS = 20, tWS = 60
# name 11 = flag: flag
# span 0 =       1816,      35605       
# span 1 =      4.000,   1182.000       
# span 2 =     4.9494,    22.8567       
# span 3 =   3.369758,   5.139570       
# span 4 =     1.3456,     2.7156       
# span 5 =     0.0326,     0.3256       
# span 6 =    2.84729,    4.87066       
# span 7 =    34.5666,    35.8154       
# span 8 =    24.2935,    27.4672       
# span 9 =    1487.67,    1530.07       
# span 10 =    1501.21,    1529.70      
# span 11 = 0.0000e+00, 0.0000e+00      
# interval = decibars: 1                
# start_time = Aug 31 2008 07:23:08
# bad_flag = -9.990e-29
*END*
[from data line 1083]
      32721   1087.000     5.0984   3.376879     1.3990     0.0417    2.97957    34.7040    27.4293    1488.66    1502.26 0.0000e+00
      32752   1088.000     5.0987   3.376975     1.3978     0.0425    2.97591    34.7043    27.4295    1488.68    1502.24 0.0000e+00
      32785   1089.000     5.0987   3.377029     1.3968     0.0409    2.97293    34.7044    27.4296    1488.69    1502.23 0.0000e+00
      32812   1090.000     5.0994   3.377138     1.3953     0.0400    2.96840    34.7045    27.4295    1488.71    1502.22 0.0000e+00
      32835   1091.000     5.1012   3.377340     1.3947     0.0397    2.96679    34.7044    27.4293    1488.74    1502.21 0.0000e+00
      32857   1092.000     5.1018   3.377501     1.3944     0.0395    2.96608    34.7052    27.4298    1488.76    1502.19 0.0000e+00
      32881   1093.000     5.1019   3.377566     1.3939     0.0410    2.96485    34.7053    27.4299    1488.77    1502.18 0.0000e+00
      32907   1094.000     5.1032   3.377802     1.3932     0.0399    2.96265    34.7062    27.4305    1488.80    1502.17 0.0000e+00
      32937   1095.000     5.1094   3.378530     1.3932     0.0410    2.96273    34.7077    27.4309    1488.84    1502.16 0.0000e+00
      32966   1096.000     5.1140   3.379128     1.3926     0.0399    2.96075    34.7093    27.4316    1488.88    1502.14 0.0000e+00
      32994   1097.000     5.1145   3.379329     1.3918     0.0397    2.95862    34.7106    27.4326    1488.90    1502.13 0.0000e+00
      33025   1098.000     5.1141   3.379361     1.3908     0.0429    2.95542    34.7109    27.4329    1488.91    1502.12 0.0000e+00
      33055   1099.000     5.1135   3.379323     1.3897     0.0442    2.95224    34.7106    27.4327    1488.93    1502.11 0.0000e+00
      33080   1100.000     5.1145   3.379472     1.3888     0.0436    2.94951    34.7108    27.4328    1488.95    1502.10 0.0000e+00
      33106   1101.000     5.1134   3.379403     1.3875     0.0440    2.94570    34.7106    27.4328    1488.96    1502.08 0.0000e+00
      33134   1102.000     5.1143   3.379506     1.3869     0.0439    2.94404    34.7104    27.4325    1488.98    1502.07 0.0000e+00
      33162   1103.000     5.1150   3.379627     1.3860     0.0431    2.94159    34.7106    27.4325    1489.00    1502.06 0.0000e+00
      33194   1104.000     5.1160   3.379760     1.3849     0.0433    2.93825    34.7106    27.4324    1489.02    1502.05 0.0000e+00
      33224   1105.000     5.1171   3.379915     1.3845     0.0398    2.93702    34.7107    27.4324    1489.04    1502.04 0.0000e+00
      33249   1106.000     5.1172   3.379944     1.3836     0.0390    2.93453    34.7105    27.4322    1489.06    1502.02 0.0000e+00
      33273   1107.000     5.1166   3.379971     1.3832     0.0395    2.93354    34.7109    27.4326    1489.07    1502.01 0.0000e+00
      33299   1108.000     5.1166   3.379975     1.3826     0.0434    2.93205    34.7105    27.4323    1489.09    1502.00 0.0000e+00
      33324   1109.000     5.1167   3.380031     1.3823     0.0400    2.93140    34.7105    27.4323    1489.11    1501.99 0.0000e+00
      33352   1110.000     5.1151   3.379913     1.3818     0.0405    2.93015    34.7103    27.4323    1489.11    1501.98 0.0000e+00
      33385   1111.000     5.1122   3.379546     1.3813     0.0430    2.92939    34.7086    27.4313    1489.12    1501.97 0.0000e+00
      33417   1112.000     5.1159   3.379940     1.3811     0.0418    2.92877    34.7088    27.4311    1489.15    1501.95 0.0000e+00
      33444   1113.000     5.1154   3.379994     1.3810     0.0450    2.92878    34.7095    27.4316    1489.16    1501.94 0.0000e+00
      33467   1114.000     5.1173   3.380107     1.3810     0.0457    2.92909    34.7083    27.4305    1489.19    1501.93 0.0000e+00
      33492   1115.000     5.1290   3.381461     1.3810     0.0451    2.92865    34.7113    27.4315    1489.26    1501.92 0.0000e+00
      33522   1116.000     5.1343   3.382120     1.3810     0.0426    2.92878    34.7129    27.4321    1489.30    1501.91 0.0000e+00
      33554   1117.000     5.1360   3.382358     1.3810     0.0449    2.92907    34.7134    27.4323    1489.32    1501.90 0.0000e+00
      33583   1118.000     5.1353   3.382317     1.3809     0.0436    2.92895    34.7132    27.4322    1489.33    1501.89 0.0000e+00
      33612   1119.000     5.1350   3.382313     1.3799     0.0434    2.92621    34.7129    27.4321    1489.35    1501.87 0.0000e+00
      33641   1120.000     5.1348   3.382357     1.3788     0.0442    2.92280    34.7132    27.4323    1489.36    1501.86 0.0000e+00
      33665   1121.000     5.1313   3.381984     1.3781     0.0433    2.92124    34.7120    27.4318    1489.37    1501.85 0.0000e+00
      33687   1122.000     5.1319   3.382076     1.3780     0.0434    2.92130    34.7120    27.4316    1489.38    1501.84 0.0000e+00
      33709   1123.000     5.1307   3.382009     1.3773     0.0435    2.91931    34.7119    27.4318    1489.40    1501.83 0.0000e+00
      33733   1124.000     5.1332   3.382265     1.3771     0.0437    2.91905    34.7118    27.4314    1489.42    1501.82 0.0000e+00
      33764   1125.000     5.1340   3.382421     1.3768     0.0461    2.91818    34.7123    27.4317    1489.44    1501.81 0.0000e+00
      33803   1126.000     5.1347   3.382562     1.3772     0.0457    2.91983    34.7127    27.4319    1489.46    1501.80 0.0000e+00
      33834   1127.000     5.1346   3.382573     1.3771     0.0427    2.91990    34.7124    27.4317    1489.48    1501.79 0.0000e+00
      33861   1128.000     5.1329   3.382445     1.3765     0.0445    2.91862    34.7122    27.4317    1489.49    1501.77 0.0000e+00
      33885   1129.000     5.1321   3.382377     1.3761     0.0455    2.91760    34.7118    27.4315    1489.50    1501.76 0.0000e+00
      33910   1130.000     5.1330   3.382527     1.3760     0.0439    2.91772    34.7121    27.4316    1489.52    1501.75 0.0000e+00
      33942   1131.000     5.1334   3.382623     1.3754     0.0433    2.91598    34.7123    27.4317    1489.54    1501.74 0.0000e+00
      33977   1132.000     5.1312   3.382447     1.3751     0.0417    2.91550    34.7121    27.4318    1489.55    1501.73 0.0000e+00
      34002   1133.000     5.1136   3.381308     1.3752     0.0406    2.91724    34.7166    27.4375    1489.50    1501.72 0.0000e+00
      34023   1134.000     5.0984   3.380160     1.3748     0.0441    2.91731    34.7187    27.4409    1489.46    1501.71 0.0000e+00
      34043   1135.000     5.0966   3.380006     1.3744     0.0427    2.91637    34.7183    27.4408    1489.46    1501.70 0.0000e+00
      34069   1136.000     5.0987   3.380101     1.3739     0.0424    2.91508    34.7167    27.4393    1489.49    1501.69 0.0000e+00
      34103   1137.000     5.1095   3.380870     1.3732     0.0425    2.91243    34.7139    27.4358    1489.54    1501.68 0.0000e+00
      34140   1138.000     5.0978   3.380139     1.3720     0.0433    2.90963    34.7171    27.4397    1489.52    1501.67 0.0000e+00
      34178   1139.000     5.0746   3.378250     1.3712     0.0418    2.90886    34.7189    27.4438    1489.44    1501.66 0.0000e+00
      34212   1140.000     5.0567   3.376692     1.3712     0.0433    2.91035    34.7189    27.4460    1489.39    1501.64 0.0000e+00
      34237   1141.000     5.0447   3.375690     1.3705     0.0448    2.90904    34.7193    27.4477    1489.35    1501.63 0.0000e+00
      34258   1142.000     5.0442   3.375601     1.3693     0.0431    2.90554    34.7183    27.4470    1489.37    1501.62 0.0000e+00
      34280   1143.000     5.0433   3.375532     1.3685     0.0437    2.90338    34.7180    27.4468    1489.38    1501.61 0.0000e+00
      34312   1144.000     5.0462   3.375843     1.3669     0.0414    2.89809    34.7181    27.4465    1489.41    1501.60 0.0000e+00
      34352   1145.000     5.0426   3.375559     1.3662     0.0418    2.89663    34.7180    27.4469    1489.41    1501.59 0.0000e+00
      34389   1146.000     5.0423   3.375569     1.3662     0.0439    2.89708    34.7180    27.4469    1489.43    1501.58 0.0000e+00
      34418   1147.000     5.0418   3.375555     1.3654     0.0465    2.89471    34.7179    27.4469    1489.44    1501.57 0.0000e+00
      34442   1148.000     5.0411   3.375528     1.3651     0.0435    2.89409    34.7178    27.4469    1489.45    1501.56 0.0000e+00
      34465   1149.000     5.0406   3.375517     1.3648     0.0450    2.89351    34.7177    27.4469    1489.47    1501.55 0.0000e+00
      34490   1150.000     5.0402   3.375536     1.3641     0.0451    2.89165    34.7178    27.4470    1489.48    1501.54 0.0000e+00
      34518   1151.000     5.0391   3.375470     1.3639     0.0436    2.89138    34.7177    27.4471    1489.50    1501.53 0.0000e+00
      34559   1152.000     5.0378   3.375372     1.3638     0.0442    2.89143    34.7174    27.4470    1489.51    1501.52 0.0000e+00
      34609   1153.000     5.0371   3.375336     1.3638     0.0442    2.89191    34.7173    27.4469    1489.52    1501.51 0.0000e+00
      34641   1154.000     5.0355   3.375234     1.3639     0.0442    2.89279    34.7173    27.4471    1489.53    1501.50 0.0000e+00
      34663   1155.000     5.0330   3.375069     1.3638     0.0455    2.89313    34.7175    27.4476    1489.54    1501.49 0.0000e+00
      34683   1156.000     5.0354   3.375293     1.3638     0.0442    2.89325    34.7171    27.4470    1489.56    1501.48 0.0000e+00
      34703   1157.000     5.0371   3.375498     1.3633     0.0410    2.89175    34.7172    27.4469    1489.59    1501.46 0.0000e+00
      34727   1158.000     5.0325   3.375183     1.3627     0.0400    2.89037    34.7178    27.4479    1489.59    1501.45 0.0000e+00
      34759   1159.000     5.0266   3.374581     1.3625     0.0417    2.89048    34.7165    27.4476    1489.58    1501.44 0.0000e+00
      34803   1160.000     5.0244   3.374426     1.3626     0.0445    2.89165    34.7165    27.4478    1489.58    1501.43 0.0000e+00
      34842   1161.000     5.0232   3.374340     1.3630     0.0421    2.89333    34.7163    27.4478    1489.60    1501.42 0.0000e+00
      34875   1162.000     5.0221   3.374286     1.3632     0.0437    2.89430    34.7163    27.4479    1489.61    1501.41 0.0000e+00
      34902   1163.000     5.0188   3.374042     1.3628     0.0442    2.89383    34.7164    27.4484    1489.61    1501.40 0.0000e+00
      34927   1164.000     5.0153   3.373768     1.3626     0.0434    2.89370    34.7164    27.4488    1489.61    1501.39 0.0000e+00
      34954   1165.000     5.0154   3.373811     1.3622     0.0401    2.89268    34.7163    27.4487    1489.63    1501.38 0.0000e+00
      34983   1166.000     5.0060   3.373201     1.3615     0.0398    2.89142    34.7185    27.4515    1489.61    1501.37 0.0000e+00
      35012   1167.000     4.9996   3.372775     1.3614     0.0405    2.89176    34.7197    27.4532    1489.60    1501.36 0.0000e+00
      35040   1168.000     4.9967   3.372631     1.3614     0.0410    2.89221    34.7206    27.4543    1489.61    1501.35 0.0000e+00
      35074   1169.000     4.9933   3.372455     1.3608     0.0411    2.89077    34.7216    27.4554    1489.61    1501.34 0.0000e+00
      35117   1170.000     4.9824   3.371657     1.3594     0.0450    2.88732    34.7231    27.4580    1489.59    1501.33 0.0000e+00
      35148   1171.000     4.9745   3.371077     1.3586     0.0452    2.88556    34.7241    27.4597    1489.57    1501.32 0.0000e+00
      35172   1172.000     4.9719   3.370970     1.3577     0.0459    2.88300    34.7251    27.4607    1489.58    1501.31 0.0000e+00
      35195   1173.000     4.9643   3.370610     1.3566     0.0446    2.87991    34.7283    27.4642    1489.57    1501.30 0.0000e+00
      35219   1174.000     4.9590   3.370246     1.3556     0.0430    2.87731    34.7291    27.4654    1489.57    1501.29 0.0000e+00
      35254   1175.000     4.9576   3.370131     1.3538     0.0425    2.87173    34.7288    27.4653    1489.58    1501.28 0.0000e+00
      35297   1176.000     4.9561   3.370069     1.3520     0.0434    2.86621    34.7291    27.4657    1489.59    1501.27 0.0000e+00
      35329   1177.000     4.9545   3.369967     1.3509     0.0428    2.86307    34.7291    27.4659    1489.60    1501.26 0.0000e+00
      35356   1178.000     4.9524   3.369841     1.3500     0.0438    2.86050    34.7293    27.4663    1489.61    1501.25 0.0000e+00
      35380   1179.000     4.9516   3.369821     1.3493     0.0428    2.85856    34.7294    27.4665    1489.62    1501.24 0.0000e+00
      35403   1180.000     4.9512   3.369821     1.3486     0.0412    2.85666    34.7294    27.4665    1489.63    1501.23 0.0000e+00
      35435   1181.000     4.9494   3.369758     1.3476     0.0398    2.85378    34.7300    27.4672    1489.64    1501.22 0.0000e+00
      35605   1182.000     4.9507   3.369872     1.3456     0.0411    2.84729    34.7295    27.4667    1489.67    1501.21 0.0000e+00
