src/org/ramadda/geodata/point/ocean/examples/sta0864.cnv
* Sea-Bird SBE 9 Data File:
* FileName = C:\Seabird\CTDData\STA0864.dat
* Software Version Seasave Win32 V 5.30a
* Temperature SN = 2369
* Conductivity SN = 1827
* Number of Bytes Per Scan = 21
* Number of Voltage Words = 3
* Number of Scans Averaged by the Deck Unit = 1
* NMEA Latitude = 25 49.25 S
* NMEA Longitude = 044 32.33 E
* NMEA UTC (Time) = none
** Ship: 14 R/V "Dr. Fridtjof Nansen" 
** Station: 0864
** Echodepth: 259
** Log: 2229.34
** Wind-Dir/Force: 33 07
** Air-Temp (dry): 23
** Weather Sky: 1 1
** Sea : 1
# nquan = 12                                
# nvalues = 246                         
# units = specified
# name 0 = scan: Scan Count
# name 1 = prDM: Pressure, Digiquartz [db]
# name 2 = t068C: Temperature [ITS-68, deg C]
# name 3 = c0S/m: Conductivity [S/m]
# name 4 = sbeox0V: Oxygen Voltage, SBE 43
# name 5 = flCUVA: Fluorescence, Chelsea UV Aquatracka [ug/l]
# name 6 = sbeox0ML/L: Oxygen, SBE 43 [ml/l], WS = 2
# name 7 = sal00: Salinity [PSU]
# name 8 = sigma-t00: Density [sigma-t, Kg/m^3 ]
# name 9 = svCM: Sound Velocity [Chen-Millero, m/s]
# name 10 = avgsvCM: Average Sound Velocity [Chen-Millero, m/s], minP = 0, minS = 0, pWS = 20, tWS = 60
# name 11 = flag: flag
# span 0 =        525,       7952       
# span 1 =      3.000,    248.000       
# span 2 =    14.6845,    22.6147       
# span 3 =   4.317119,   5.115391       
# span 4 =     2.1766,     2.8273       
# span 5 =     0.0414,     0.3365       
# span 6 =    3.75521,    4.74766       
# span 7 =    35.4195,    35.5477       
# span 8 =    24.3771,    26.3679       
# span 9 =    1510.26,    1529.20       
# span 10 =    1525.24,    1529.10      
# span 11 = 0.0000e+00, 0.0000e+00      
# interval = decibars: 1                
# start_time = Aug 31 2008 05:21:15
# bad_flag = -9.990e-29
*END*
[from data line 121]
       4572    124.000    21.5550   5.017512     2.6453     0.2312    4.52317    35.4937    24.7186    1528.29    1528.43 0.0000e+00
       4600    125.000    21.5343   5.015817     2.6470     0.2369    4.52871    35.4969    24.7268    1528.26    1528.43 0.0000e+00
       4632    126.000    21.5277   5.015275     2.6477     0.2330    4.53141    35.4977    24.7292    1528.26    1528.43 0.0000e+00
       4667    127.000    21.5274   5.015268     2.6506     0.2366    4.53811    35.4975    24.7292    1528.27    1528.43 0.0000e+00
       4700    128.000    21.5274   5.015372     2.6535     0.2456    4.54480    35.4980    24.7296    1528.29    1528.43 0.0000e+00
       4728    129.000    21.5247   5.015164     2.6520     0.2389    4.54258    35.4982    24.7305    1528.30    1528.43 0.0000e+00
       4750    130.000    21.5238   5.015124     2.6504     0.2314    4.53986    35.4983    24.7308    1528.32    1528.43 0.0000e+00
       4769    131.000    21.5206   5.014907     2.6496     0.2302    4.53890    35.4989    24.7321    1528.32    1528.43 0.0000e+00
       4788    132.000    21.4723   5.010489     2.6502     0.2322    4.54439    35.5033    24.7488    1528.22    1528.42 0.0000e+00
       4809    133.000    21.4027   5.003107     2.6480     0.2373    4.54556    35.5016    24.7668    1528.05    1528.42 0.0000e+00
       4835    134.000    21.3292   4.995638     2.6451     0.2315    4.54565    35.5024    24.7877    1527.87    1528.42 0.0000e+00
       4865    135.000    21.2557   4.988157     2.6354     0.2290    4.53121    35.5031    24.8084    1527.69    1528.41 0.0000e+00
       4895    136.000    21.2464   4.987162     2.6223     0.2123    4.50462    35.5025    24.8105    1527.68    1528.41 0.0000e+00
       4926    137.000    21.2483   4.987365     2.6050     0.2044    4.46832    35.5022    24.8098    1527.70    1528.40 0.0000e+00
       4957    138.000    21.2495   4.987530     2.5946     0.2056    4.44666    35.5022    24.8094    1527.72    1528.40 0.0000e+00
       4986    139.000    21.2466   4.987346     2.5925     0.2108    4.44309    35.5028    24.8107    1527.73    1528.39 0.0000e+00
       5011    140.000    21.2417   4.986850     2.5910     0.2190    4.44079    35.5025    24.8118    1527.74    1528.39 0.0000e+00
       5033    141.000    21.2405   4.986790     2.5889     0.2241    4.43712    35.5027    24.8123    1527.75    1528.38 0.0000e+00
       5054    142.000    21.2314   4.985859     2.5870     0.2156    4.43430    35.5024    24.8146    1527.74    1528.38 0.0000e+00
       5074    143.000    21.2207   4.984672     2.5846     0.2071    4.43059    35.5015    24.8168    1527.73    1528.37 0.0000e+00
       5096    144.000    21.2164   4.984179     2.5808     0.2056    4.42337    35.5007    24.8174    1527.73    1528.37 0.0000e+00
       5122    145.000    21.1840   4.980511     2.5775     0.2062    4.41944    35.4979    24.8241    1527.66    1528.36 0.0000e+00
       5159    146.000    21.1671   4.978533     2.5705     0.2025    4.40647    35.4957    24.8271    1527.63    1528.36 0.0000e+00
       5195    147.000    21.1602   4.977800     2.5617     0.2064    4.38881    35.4952    24.8286    1527.63    1528.35 0.0000e+00
       5223    148.000    21.1524   4.976991     2.5541     0.2065    4.37391    35.4948    24.8304    1527.62    1528.35 0.0000e+00
       5246    149.000    21.1244   4.974161     2.5479     0.2023    4.36324    35.4950    24.8382    1527.56    1528.34 0.0000e+00
       5266    150.000    21.1097   4.972309     2.5426     0.1993    4.35369    35.4920    24.8400    1527.54    1528.34 0.0000e+00
       5285    151.000    21.1089   4.972258     2.5380     0.2117    4.34438    35.4919    24.8401    1527.55    1528.33 0.0000e+00
       5304    152.000    21.1093   4.972299     2.5321     0.2099    4.33234    35.4916    24.8397    1527.57    1528.33 0.0000e+00
       5326    153.000    21.1067   4.972057     2.5277     0.2002    4.32381    35.4914    24.8403    1527.58    1528.32 0.0000e+00
       5353    154.000    21.0262   4.964077     2.5247     0.1948    4.32370    35.4939    24.8642    1527.38    1528.32 0.0000e+00
       5388    155.000    20.8809   4.948694     2.5222     0.1966    4.32951    35.4906    24.9012    1527.00    1528.31 0.0000e+00
       5424    156.000    20.8184   4.941992     2.5064     0.1853    4.30090    35.4882    24.9164    1526.85    1528.30 0.0000e+00
       5456    157.000    20.8042   4.940425     2.4798     0.1699    4.24531    35.4871    24.9194    1526.82    1528.29 0.0000e+00
       5482    158.000    20.7865   4.938779     2.4615     0.1647    4.20783    35.4882    24.9250    1526.79    1528.28 0.0000e+00
       5504    159.000    20.7738   4.937705     2.4504     0.1590    4.18545    35.4898    24.9297    1526.78    1528.27 0.0000e+00
       5524    160.000    20.7608   4.936570     2.4428     0.1575    4.17067    35.4911    24.9342    1526.76    1528.26 0.0000e+00
       5543    161.000    20.7118   4.932265     2.4364     0.1691    4.16065    35.4968    24.9518    1526.65    1528.25 0.0000e+00
       5563    162.000    20.6113   4.921873     2.4325     0.1606    4.15999    35.4963    24.9785    1526.39    1528.24 0.0000e+00
       5585    163.000    20.5875   4.919092     2.4274     0.1486    4.15117    35.4933    24.9826    1526.34    1528.23 0.0000e+00
       5614    164.000    20.5721   4.917329     2.4195     0.1409    4.13578    35.4915    24.9854    1526.32    1528.22 0.0000e+00
       5651    165.000    20.5482   4.915027     2.4050     0.1387    4.10679    35.4925    24.9926    1526.27    1528.21 0.0000e+00
       5683    166.000    20.5382   4.914032     2.3960     0.1285    4.08864    35.4924    24.9953    1526.26    1528.19 0.0000e+00
       5710    167.000    20.5335   4.913588     2.3903     0.1334    4.07707    35.4924    24.9965    1526.26    1528.18 0.0000e+00
       5737    168.000    20.5249   4.912816     2.3895     0.1373    4.07645    35.4930    24.9992    1526.26    1528.17 0.0000e+00
       5762    169.000    20.4756   4.908057     2.3867     0.1345    4.07442    35.4953    25.0142    1526.14    1528.16 0.0000e+00
       5784    170.000    20.4555   4.905940     2.3834     0.1304    4.06921    35.4945    25.0191    1526.10    1528.15 0.0000e+00
       5803    171.000    20.4391   4.904497     2.3789     0.1301    4.06106    35.4962    25.0247    1526.08    1528.13 0.0000e+00
       5821    172.000    20.3525   4.895963     2.3758     0.1316    4.06081    35.4990    25.0500    1525.86    1528.12 0.0000e+00
       5838    173.000    20.1563   4.877675     2.3747     0.1306    4.07210    35.5143    25.1140    1525.35    1528.11 0.0000e+00
       5861    174.000    19.8863   4.850043     2.3706     0.1211    4.08240    35.5151    25.1860    1524.62    1528.09 0.0000e+00
       5894    175.000    19.7888   4.840308     2.3522     0.1133    4.04945    35.5170    25.2131    1524.37    1528.06 0.0000e+00
       5935    176.000    19.6362   4.824810     2.3186     0.1014    3.98685    35.5181    25.2539    1523.96    1528.04 0.0000e+00
       5965    177.000    19.5798   4.819145     2.3004     0.0947    3.95117    35.5187    25.2691    1523.82    1528.02 0.0000e+00
       5987    178.000    19.5145   4.812632     2.2880     0.0860    3.92880    35.5199    25.2870    1523.66    1527.99 0.0000e+00
       6006    179.000    19.4612   4.807527     2.2779     0.0803    3.91074    35.5225    25.3028    1523.53    1527.97 0.0000e+00
       6025    180.000    19.3900   4.800252     2.2692     0.0765    3.89674    35.5223    25.3212    1523.34    1527.94 0.0000e+00
       6047    181.000    19.2951   4.790725     2.2607     0.0742    3.88496    35.5236    25.3467    1523.10    1527.91 0.0000e+00
       6072    182.000    19.2143   4.782587     2.2543     0.0707    3.87671    35.5243    25.3681    1522.88    1527.89 0.0000e+00
       6101    183.000    19.0736   4.768029     2.2454     0.0662    3.86705    35.5226    25.4030    1522.50    1527.86 0.0000e+00
       6128    184.000    18.9594   4.756188     2.2365     0.0630    3.85548    35.5209    25.4309    1522.19    1527.83 0.0000e+00
       6153    185.000    18.9380   4.753625     2.2276     0.0612    3.83770    35.5174    25.4337    1522.14    1527.80 0.0000e+00
       6177    186.000    18.9182   4.751801     2.2178     0.0615    3.81765    35.5187    25.4397    1522.11    1527.76 0.0000e+00
       6199    187.000    18.8786   4.747861     2.2088     0.0599    3.80074    35.5192    25.4502    1522.01    1527.73 0.0000e+00
       6221    188.000    18.8413   4.744085     2.2019     0.0593    3.78835    35.5191    25.4597    1521.92    1527.70 0.0000e+00
       6247    189.000    18.7627   4.736087     2.1964     0.0581    3.78180    35.5189    25.4795    1521.71    1527.67 0.0000e+00
       6278    190.000    18.7176   4.731280     2.1933     0.0584    3.77842    35.5168    25.4894    1521.60    1527.64 0.0000e+00
       6308    191.000    18.6931   4.728967     2.1898     0.0570    3.77264    35.5180    25.4965    1521.54    1527.61 0.0000e+00
       6332    192.000    18.6743   4.727230     2.1878     0.0539    3.76992    35.5192    25.5022    1521.51    1527.58 0.0000e+00
       6353    193.000    18.6647   4.726317     2.1841     0.0534    3.76280    35.5194    25.5047    1521.50    1527.54 0.0000e+00
       6373    194.000    18.6295   4.723088     2.1801     0.0539    3.75654    35.5221    25.5157    1521.42    1527.51 0.0000e+00
       6394    195.000    18.5721   4.717375     2.1776     0.0537    3.75521    35.5229    25.5308    1521.27    1527.48 0.0000e+00
       6418    196.000    18.5268   4.712841     2.1774     0.0518    3.75815    35.5232    25.5425    1521.16    1527.45 0.0000e+00
       6447    197.000    18.5000   4.710248     2.1770     0.0537    3.75948    35.5240    25.5498    1521.10    1527.41 0.0000e+00
       6478    198.000    18.4963   4.709896     2.1768     0.0523    3.75987    35.5239    25.5506    1521.10    1527.38 0.0000e+00
       6505    199.000    18.4773   4.708234     2.1783     0.0551    3.76486    35.5258    25.5569    1521.07    1527.35 0.0000e+00
       6526    200.000    18.4461   4.705209     2.1786     0.0542    3.76823    35.5267    25.5655    1520.99    1527.32 0.0000e+00
       6546    201.000    18.4348   4.704174     2.1783     0.0537    3.76875    35.5274    25.5688    1520.98    1527.29 0.0000e+00
       6567    202.000    18.4241   4.703136     2.1776     0.0536    3.76836    35.5274    25.5715    1520.96    1527.26 0.0000e+00
       6590    203.000    18.4166   4.702488     2.1766     0.0542    3.76719    35.5280    25.5739    1520.96    1527.22 0.0000e+00
       6616    204.000    18.4079   4.701746     2.1770     0.0550    3.76902    35.5289    25.5767    1520.95    1527.19 0.0000e+00
       6643    205.000    18.3661   4.697668     2.1785     0.0529    3.77576    35.5300    25.5881    1520.85    1527.16 0.0000e+00
       6668    206.000    18.3428   4.695293     2.1803     0.0518    3.78175    35.5296    25.5936    1520.80    1527.13 0.0000e+00
       6691    207.000    18.2853   4.689792     2.1812     0.0509    3.78824    35.5323    25.6100    1520.65    1527.10 0.0000e+00
       6714    208.000    18.2668   4.687883     2.1807     0.0532    3.78874    35.5317    25.6141    1520.61    1527.07 0.0000e+00
       6739    209.000    18.2628   4.687498     2.1793     0.0534    3.78635    35.5315    25.6150    1520.62    1527.04 0.0000e+00
       6764    210.000    18.2329   4.684697     2.1804     0.0526    3.79138    35.5332    25.6237    1520.55    1527.01 0.0000e+00
       6788    211.000    18.2147   4.682911     2.1827     0.0514    3.79837    35.5334    25.6284    1520.51    1526.98 0.0000e+00
       6810    212.000    18.1611   4.677797     2.1843     0.0499    3.80599    35.5359    25.6437    1520.38    1526.95 0.0000e+00
       6831    213.000    18.1438   4.676046     2.1834     0.0492    3.80556    35.5356    25.6478    1520.34    1526.91 0.0000e+00
       6853    214.000    18.1283   4.674518     2.1811     0.0507    3.80185    35.5356    25.6517    1520.32    1526.88 0.0000e+00
       6877    215.000    18.1161   4.673325     2.1832     0.0519    3.80796    35.5356    25.6547    1520.30    1526.85 0.0000e+00
       6904    216.000    17.9954   4.661775     2.1848     0.0509    3.82017    35.5414    25.6890    1519.97    1526.82 0.0000e+00
       6932    217.000    17.7505   4.637605     2.1874     0.0498    3.84305    35.5471    25.7537    1519.27    1526.79 0.0000e+00
       6957    218.000    17.6063   4.622969     2.1854     0.0501    3.84893    35.5466    25.7886    1518.87    1526.75 0.0000e+00
       6980    219.000    17.5542   4.617613     2.1845     0.0501    3.85107    35.5456    25.8005    1518.73    1526.71 0.0000e+00
       7003    220.000    17.4653   4.608772     2.1873     0.0476    3.86394    35.5466    25.8229    1518.48    1526.67 0.0000e+00
       7026    221.000    17.4256   4.604726     2.1921     0.0470    3.87838    35.5460    25.8321    1518.38    1526.64 0.0000e+00
       7049    222.000    17.3903   4.601182     2.1975     0.0464    3.89374    35.5459    25.8406    1518.29    1526.60 0.0000e+00
       7072    223.000    17.3534   4.597510     2.2037     0.0465    3.91100    35.5461    25.8496    1518.20    1526.56 0.0000e+00
       7095    224.000    17.3282   4.594962     2.2098     0.0492    3.92732    35.5457    25.8554    1518.14    1526.52 0.0000e+00
       7119    225.000    17.2926   4.591630     2.2130     0.0506    3.93769    35.5477    25.8655    1518.05    1526.49 0.0000e+00
       7143    226.000    17.2435   4.586686     2.2154     0.0480    3.94720    35.5475    25.8772    1517.92    1526.45 0.0000e+00
       7168    227.000    17.0751   4.569412     2.2175     0.0464    3.96467    35.5449    25.9157    1517.44    1526.41 0.0000e+00
       7196    228.000    16.6916   4.529877     2.2197     0.0468    3.99815    35.5372    26.0008    1516.29    1526.36 0.0000e+00
       7223    229.000    16.4322   4.502733     2.2172     0.0468    4.01189    35.5276    26.0544    1515.51    1526.32 0.0000e+00
       7248    230.000    16.3415   4.492993     2.2147     0.0466    4.01331    35.5217    26.0710    1515.24    1526.27 0.0000e+00
       7272    231.000    16.2816   4.486546     2.2161     0.0438    4.02164    35.5175    26.0817    1515.07    1526.22 0.0000e+00
       7299    232.000    16.2625   4.484516     2.2204     0.0442    4.03372    35.5161    26.0851    1515.03    1526.17 0.0000e+00
       7327    233.000    16.2358   4.481849     2.2300     0.0470    4.05872    35.5159    26.0910    1514.96    1526.12 0.0000e+00
       7352    234.000    16.0958   4.467461     2.2364     0.0490    4.08494    35.5125    26.1208    1514.55    1526.07 0.0000e+00
       7464    235.000    15.5870   4.412613     2.2525     0.0482    4.16322    35.4768    26.2095    1512.95    1526.01 0.0000e+00
       7576    236.000    15.4466   4.398654     2.2661     0.0448    4.20693    35.4769    26.2412    1512.53    1525.96 0.0000e+00
       7625    237.000    15.3525   4.388895     2.2693     0.0414    4.22247    35.4731    26.2593    1512.25    1525.90 0.0000e+00
       7654    238.000    15.2331   4.375871     2.2706     0.0496    4.23590    35.4625    26.2778    1511.88    1525.84 0.0000e+00
       7682    239.000    15.1253   4.364563     2.2710     0.0482    4.24603    35.4568    26.2974    1511.55    1525.78 0.0000e+00
       7716    240.000    15.0885   4.360788     2.2698     0.0466    4.24664    35.4554    26.3044    1511.45    1525.72 0.0000e+00
       7754    241.000    15.0427   4.355888     2.2750     0.0462    4.26357    35.4518    26.3118    1511.32    1525.66 0.0000e+00
       7788    242.000    14.9994   4.351081     2.2799     0.0453    4.27946    35.4468    26.3175    1511.19    1525.60 0.0000e+00
